1.000 0 0 135724608 23
2.000 0 0 552158243 34
3.000 0 0 604879674 36
4.000 0 0 655277106 38
5.000 0 0 1234064820 48
6.000 0 0 1644600427 60
7.000 0 0 2102764671 72
8.000 0 0 2231565310 77
9.000 6144 8233172 2618361324 82
10.000 6144 8233172 3009461876 92
11.000 6144 8233172 3092950481 95
12.000 6144 8233172 3395054931 100
13.000 6144 8233172 3423073560 101
14.000 6144 8233172 3731223345 113
15.000 12800 18644456 4081359349 122
16.000 12800 18644456 4419117528 131
17.000 12800 18644456 4885525523 140
18.000 22608 33199108 5161536689 144
19.000 22608 33199108 5253804434 148
20.000 22608 33199108 5697411010 157
21.000 22608 33199108 6211486609 163
22.000 22608 33199108 6211486609 163
23.000 22608 33199108 6211486609 163
24.000 22608 33199108 6271650032 165
25.000 22608 33199108 6457932979 172
26.000 22608 33199108 6742559318 181
27.000 26640 53118676 7236644248 190
28.000 26640 53118676 7261756063 191
29.000 26640 53118676 7554506982 198
30.000 26640 53118676 7738786396 205
1.000 0 0 284223477 30
2.000 0 0 724419810 47
3.000 0 0 1118220421 60
4.000 768 4082806 1475982172 70
5.000 768 4082806 1739882332 80
6.000 768 4082806 2139705742 95
7.000 960 5983678 2542235036 106
8.000 960 5983678 2815932194 118
9.000 2880 7309097 3290020969 130
10.000 5904 14396916 3367931992 134
11.000 5904 14396916 3367931992 134
12.000 5904 14396916 3367931992 134
13.000 5904 14396916 3700154884 148
14.000 17664 24529516 4180876429 171
15.000 17664 24529516 4451110964 180
16.000 20016 25837341 4830965682 190
17.000 20016 25837341 5147747316 201
18.000 20016 25837341 5251337107 205
19.000 22320 27373923 5446847052 210
20.000 22320 27373923 5499683054 212
21.000 22320 27373923 5892158165 222
22.000 22320 27373923 6355190054 234
23.000 25344 28946637 6545673446 238
24.000 25344 28946637 6723104281 246
25.000 25344 28946637 7042318903 259
26.000 25896 29837588 7470865564 271
27.000 25896 29837588 7812356725 280
28.000 31944 32605622 8054801712 289
29.000 31944 32605622 8054801712 289
30.000 31944 32605622 8350040358 302
1.000 0 0 90547047 25
2.000 0 0 480170463 51
3.000 0 0 794705049 72
4.000 10416 14292190 1022450260 83
5.000 10416 14292190 1361619601 97
6.000 13720 15270150 1543906092 101
7.000 13720 15270150 1663556871 108
8.000 13720 15270150 1839479495 116
9.000 13720 15270150 2142874958 129
10.000 27440 30315143 2270133096 135
11.000 27440 30315143 2376142667 140
12.000 27440 30315143 2477233422 142
13.000 27440 30315143 2477233422 142
14.000 27440 30315143 2477233422 142
15.000 27440 30315143 2477233422 142
16.000 27440 30315143 2609557286 145
17.000 27440 30315143 2986974462 152
18.000 27440 30315143 3454770807 159
19.000 31080 39186528 3972294224 168
20.000 31080 39186528 4372179363 183
21.000 42392 50863830 4592137229 190
22.000 55552 61158750 4960091695 209
23.000 55552 61158750 5375721691 223
24.000 64680 68707823 5689315406 242
25.000 64680 68707823 6309830610 252
26.000 73024 70868482 6545898265 263
27.000 80192 70868482 6826352093 277
28.000 83776 89022810 7551807791 292
29.000 99680 97777029 7835176387 304
30.000 99680 97777029 8270379377 322
1.000 0 0 473565446 40
2.000 0 0 618769585 53
3.000 40248 6471401 820455479 67
4.000 40248 6471401 884274683 72
5.000 40248 6471401 930481178 73
6.000 40248 6471401 930481178 73
7.000 76440 35964989 996578720 76
8.000 76440 35964989 1108456098 82
9.000 76440 35964989 1455826905 107
10.000 92664 38994554 1731900633 123
11.000 131560 48953276 2021203697 141
12.000 131560 48953276 2063601249 145
13.000 146432 56490911 2456146493 174
14.000 189280 72885694 2485647149 175
15.000 189280 72885694 2485647149 175
16.000 189280 72885694 2485647149 175
17.000 189280 72885694 2485647149 175
18.000 189280 72885694 2485647149 175
19.000 189280 72885694 2488056136 176
20.000 189280 72885694 2488056136 176
21.000 189280 72885694 2488056136 176
22.000 189280 72885694 2658569940 196
23.000 189280 72885694 2670768521 196
24.000 189280 72885694 2783284984 201
25.000 210912 76176179 3189773130 223
26.000 276744 88478101 3611925611 247
27.000 276744 88478101 3726202702 250
28.000 276744 88478101 3812615401 258
29.000 309192 98672859 4218100880 289
30.000 316368 99741128 4699253767 316
1.000 0 0 92953534 45
2.000 16932 4571130 367617001 62
3.000 16932 4571130 389736929 66
4.000 16932 4571130 411407009 68
5.000 16932 4571130 461971713 75
6.000 16932 4571130 522157115 82
7.000 16932 4571130 593322250 90
8.000 16932 4571130 611055243 92
9.000 18564 5401388 703745283 94
10.000 18564 5401388 927148187 117
11.000 72828 25419566 1022243762 124
12.000 227052 47283958 1152396803 142
13.000 251940 51586799 1231369964 152
14.000 264384 53226581 1391105692 171
15.000 264384 53226581 1392575986 172
16.000 264384 53226581 1392575986 172
17.000 264384 53226581 1401612647 173
18.000 264384 53226581 1439216496 175
19.000 264384 53226581 1487702754 179
20.000 264384 53226581 1496453403 180
21.000 264384 53226581 1536216759 185
22.000 264384 53226581 1545957269 187
23.000 330276 67898039 1878792619 209
24.000 330276 67898039 1878792619 209
25.000 330276 67898039 1878792619 209
26.000 330276 67898039 1878792619 209
27.000 330276 67898039 1880185409 210
28.000 405756 83933674 2031962714 218
29.000 447780 88877535 2181322657 222
30.000 447780 88877535 2206229485 223
1.000 0 0 24417458 23
2.000 15120 4972885 303993261 66
3.000 15120 4972885 303993261 66
4.000 15120 4972885 316054104 68
5.000 15120 4972885 323949011 69
6.000 37296 11137652 679357210 105
7.000 117936 22610769 1132628663 151
8.000 179928 35088735 1645088015 218
9.000 180936 35519633 1841710005 241
10.000 196056 37162423 2180031848 282
11.000 233352 46285502 2476524352 318
12.000 286272 59129584 2718107582 339
13.000 299880 62294391 2768013975 345
14.000 299880 62294391 2857648105 352
15.000 299880 62294391 2879337676 357
16.000 321552 67708611 3010433861 363
17.000 321552 67708611 3011451001 364
18.000 321552 67708611 3015256466 366
19.000 323064 68631042 3386510280 400
20.000 352296 74356086 3623203163 418
21.000 415296 86021940 3983908083 432
22.000 458640 89362950 4398615707 458
23.000 487872 92019353 4530510048 481
24.000 487872 92019353 4530510048 481
25.000 487872 92019353 4542694052 484
26.000 532224 105655867 4965110298 527
27.000 582624 118795225 5150176870 544
28.000 582624 118795225 5150176870 544
29.000 582624 118795225 5190828091 550
30.000 586656 120565467 5272522230 555
1.000 49196 2616110 346498209 138
2.000 75300 5482361 785144979 177
3.000 111444 10281886 1356283585 233
4.000 119476 11467532 1695051591 284
5.000 189756 18505565 1708071406 290
6.000 189756 18505565 1708907578 291
7.000 189756 18505565 1748796612 295
8.000 309232 30509905 2155289223 357
9.000 354412 34201342 2278714647 381
10.000 354412 34201342 2306494676 387
11.000 374492 36717108 2405477665 391
12.000 374492 36717108 2459258902 466
13.000 526096 51607277 2672153835 523
14.000 530112 52362575 2843322789 539
15.000 581316 58325940 3531947465 592
16.000 656616 66099028 3858100182 690
17.000 679708 69552665 4018265550 727
18.000 713844 75197197 4425900229 778
19.000 745972 78990760 4708012394 820
20.000 803200 84285027 4926305962 880
21.000 857416 91259709 5161498018 895
22.000 857416 91259709 5195262567 903
23.000 878500 93958949 5337374320 926
24.000 928700 96811658 5664099558 975
25.000 928700 96811658 5770141573 1003
26.000 1004000 102831377 6225544887 1055
27.000 1108416 109944657 6648028830 1112
28.000 1140544 113651954 7030238490 1172
29.000 1243956 118196475 7276415422 1221
30.000 1296164 121643345 7633131547 1286
1.000 0 0 351891981 151
2.000 5376 1447497 679764470 283
3.000 8064 2519747 993995243 373
4.000 259392 39713983 1422268787 427
5.000 291648 49084578 1804416835 500
6.000 471744 79618857 2113659918 556
7.000 540288 105840850 2295963314 584
8.000 637056 123414090 2518054744 728
9.000 637056 123414090 2644956760 871
10.000 637056 123414090 2674657229 875
11.000 637056 123414090 2674657229 875
12.000 901824 290553466 3421615579 918
13.000 901824 290553466 3556790834 1107
14.000 901824 290553466 3659589291 1235
15.000 901824 290553466 3754440432 1356
16.000 901824 290553466 3875069564 1466
17.000 901824 290553466 4048671289 1580
18.000 1572480 379880179 4399024938 1680
19.000 1802304 437039706 4556906752 1684
20.000 1802304 437039706 4665678668 1706
21.000 1802304 437039706 4668375602 1709
22.000 1802304 437039706 4673254458 1714
23.000 1802304 437039706 4673254458 1714
24.000 1839936 447711859 5050866354 1853
25.000 1839936 447711859 5155340649 1993
26.000 2243136 491996168 5385124889 2131
27.000 2243136 491996168 5575002152 2293
28.000 2894976 558036608 5887848965 2389
29.000 3386880 629684545 6628342653 2464
30.000 3389568 630838701 7004102077 2628
1.000 161280 20796745 233235500 227
2.000 305088 43110583 844205366 334
3.000 305088 43110583 904710986 387
4.000 385728 53134881 1118965454 504
5.000 526848 67193261 1266118011 550
6.000 526848 67193261 1267722024 553
7.000 548352 72002391 1438208429 661
8.000 689472 95154288 1702844641 781
9.000 783552 108414029 2022496193 944
10.000 964992 134518634 2426921849 1079
11.000 997248 140229142 2827426874 1249
12.000 1126272 157484078 3161142729 1386
13.000 1244544 176519201 3533026335 1527
14.000 1266048 178855664 3943652166 1692
15.000 1552320 209242068 4330728166 1830
16.000 1611456 218218037 4583754264 1931
17.000 1616832 219639047 5037162063 2068
18.000 1616832 219639047 5210939034 2157
19.000 1616832 219639047 5223951641 2164
20.000 1702848 231956438 5330745558 2193
21.000 1702848 231956438 5344723914 2213
22.000 1702848 231956438 5350241244 2214
23.000 1702848 231956438 5351443813 2215
24.000 1702848 231956438 5352808571 2216
25.000 1721664 231956438 5360261331 2225
26.000 1778112 245498503 5377581252 2225
27.000 1778112 245498503 5456573068 2271
28.000 1778112 245498503 5498121222 2287
29.000 1975680 266404042 5582946569 2297
30.000 2076480 281527142 5698658466 2361
1.000 96768 9851532 369314926 212
2.000 139776 17703081 640437052 405
3.000 150528 19512162 1001613617 584
4.000 150528 19512162 1308977303 732
5.000 462336 47939755 1668363880 881
6.000 623616 58244913 2010734572 1033
7.000 677376 65156014 2168441888 1065
8.000 677376 65156014 2168441888 1065
9.000 741888 73198494 2346259681 1095
10.000 806400 83011687 3022492507 1292
11.000 881664 92262189 3667469655 1486
12.000 956928 102650816 4283063246 1699
13.000 1021440 109498755 4949749843 1888
14.000 1096704 118740587 5574394748 2083
15.000 1139712 123346707 5917326690 2198
16.000 1397760 146144056 6413639627 2375
17.000 1462272 153096570 7093177086 2546
18.000 1548288 165574295 7792442985 2735
19.000 1580544 169986713 8045473674 2804
20.000 1655808 181907022 8699181781 3009
21.000 1720320 191419896 9335646933 3227
22.000 1784832 198380019 9899947737 3451
23.000 1827840 204565468 10377481247 3680
24.000 1827840 204565468 10409477027 3696
25.000 1946112 211797230 10598297927 3771
26.001 2053632 221188477 11115242031 3987
27.000 2118144 230079662 11622460245 4173
28.000 2128896 231273959 11921404273 4304
29.000 2247168 244309595 12343473239 4449
30.000 2247168 244309595 12396678555 4499
1.000 0 0 153517636 250
2.000 80640 9048191 261537758 359
3.000 80640 9048191 461513649 590
4.000 221760 18673360 607486523 639
5.000 248640 21549206 769980213 693
6.000 248640 21549206 861981729 830
7.000 248640 21549206 901583763 886
8.000 315840 27646621 1003868583 902
9.000 463680 37156699 1253818952 1067
10.000 470400 37763683 1556448529 1254
11.000 477120 38331639 1886322507 1440
12.000 678720 58607799 2186208714 1633
13.000 685440 59238943 2462809283 1786
14.000 907200 76381805 3093246879 1979
15.000 954240 79391520 3754254155 2207
16.000 1008000 84169263 4230134816 2381
17.000 1108800 91577400 4913891612 2614
18.000 1350720 125412867 5354291324 2835
19.000 1417920 132058017 5944701639 3056
20.000 1417920 132058017 6145446962 3286
21.000 1485120 138525056 6329596482 3487
22.000 1512000 141430237 6409613128 3582
23.000 1579200 157547259 6479858986 3595
24.000 1666560 164847093 6630327420 3756
25.000 1666560 164847093 6707953328 3876
26.000 1666560 164847093 6753726554 3944
27.000 1794240 173352122 6841691898 3989
28.000 1794240 173352122 6912657272 4083
29.000 1794240 173352122 6952215387 4133
30.000 1794240 173352122 6979493861 4165
1.000 0 0 212231073 240
2.000 0 0 327341928 416
3.000 0 0 426590890 545
4.000 75264 3483762 522158590 548
5.000 301056 17841237 696221666 563
6.000 301056 17841237 730086778 581
7.000 301056 17841237 742484952 588
8.000 314496 18864974 853049417 723
9.000 341376 20153449 992231298 923
10.000 620928 33441351 1336128077 1110
11.000 736512 41303266 1491317005 1298
12.000 897792 49013797 1767250372 1430
13.000 897792 49013797 1884664707 1620
14.000 897792 49013797 1997264558 1801
15.000 1067136 57731925 2069913946 1859
16.000 1166592 64349555 2255132057 1955
17.000 1204224 66373799 2289741461 1975
18.000 1268736 69235067 2367702402 2048
19.000 1335936 72131917 2607360123 2256
20.000 1349376 73088143 2640291239 2273
21.000 1373568 73758367 2746511982 2277
22.000 1432704 75084407 2984194467 2339
23.000 1626240 78719595 3701959448 2574
24.000 1795584 84545964 4411747715 2808
25.000 1868160 87845421 4734789466 2952
26.003 1967616 93497963 4896341359 2984
27.000 2067072 116250057 5198260921 3150
28.000 2067072 116250057 5381188719 3380
29.000 2220288 121185046 5753116006 3596
30.000 2220288 121185046 5870062301 3771
1.000 107520 6468965 326660380 228
2.000 309120 19722951 569832987 362
3.000 309120 19722951 655683571 456
4.000 309120 19722951 789919885 629
5.000 309120 19722951 913566275 815
6.000 309120 19722951 1006757168 957
7.000 571200 26322567 1184735256 1085
8.000 819840 41128839 1918765060 1389
9.000 1061760 51789384 2614052556 1705
10.000 1249920 59656499 3138504915 2040
11.000 1249920 59656499 3248773945 2183
12.000 1303680 60194419 3354297488 2352
13.000 1505280 70290467 3793356777 2517
14.000 1673280 74916542 4474098528 2720
15.000 1921920 89193152 5107398484 3060
16.000 1975680 93053475 5444055488 3154
17.000 2069760 95631628 5772521436 3216
18.000 2284800 111162137 6010570880 3440
19.000 2446080 114834845 6231211475 3681
20.000 2714880 127244186 6571954102 4010
21.000 2909760 131767973 6829641221 4219
22.000 3158400 141997065 7097749239 4453
23.000 3205440 143984376 7173480006 4479
24.000 3353280 144485753 7323679436 4585
25.000 3366720 152899660 7500649333 4794
26.000 3366720 152899660 7621105471 4971
27.000 3635520 164075486 7794753668 5091
28.000 3877440 173934226 8144556060 5294
29.000 4152960 188546136 8765620442 5457
30.000 4200000 203464257 9099874381 5688
1.000 107520 4138296 114042919 118
2.000 107520 4138296 210458030 235
3.000 374976 14199037 313329196 266
4.000 587328 24867752 515911744 373
5.000 1176000 54929987 754590346 483
6.000 1630272 75424515 1194118676 810
7.000 2765952 117855818 1724991137 1116
8.000 3877440 160890997 2201827712 1363
9.000 4315584 175985034 2577364965 1549
10.000 5038656 207201467 2879452287 1780
11.000 5652864 233436991 3328139428 2095
12.000 5959296 243574002 3630638564 2331
13.000 6187776 255381054 3794250249 2440
14.000 6737472 273180961 4264877360 2867
15.000 7136640 301425263 4666771136 3133
16.000 7457856 313187052 4980676854 3409
17.000 8195712 342245677 5353311471 3751
18.000 8944320 369480509 5567583393 3868
19.000 9077376 375177835 5689178872 3966
20.000 9077376 375177835 5810658555 4126
21.000 9077376 375177835 5967080217 4227
22.000 9292416 387708444 6080332361 4313
23.000 9588096 399393397 6325265289 4516
24.000 9950976 407299071 6601148818 4783
25.000 10163328 413468347 6862234178 4974
26.000 10391808 423931171 7038714562 5099
27.000 10577280 430253375 7357324413 5298
28.000 11686080 478705984 7736181091 5522
29.000 11874240 483124768 7765755383 5539
30.000 12328512 518306139 7985250583 5613
1.000 2311680 65062799 247105923 199
2.001 3932544 130361238 586705845 425
3.000 3932544 130361238 700899313 533
4.000 4178496 140662317 844940720 686
5.000 4791360 159142998 1066845567 841
6.000 6155520 218992040 1325233296 896
7.000 6155520 218992040 1446789618 1073
8.000 6236160 221779443 1546780744 1200
9.000 9026304 316139880 1909792733 1358
10.000 12122880 453159926 2365708839 1426
11.000 15163008 565437062 2692773957 1538
12.000 18575424 699903080 3082820147 1661
13.000 22417920 854797485 3474046866 1803
14.000 25263168 1038934246 4001122149 1852
15.000 28237440 1144452716 4240992350 1981
16.000 28573440 1158957591 4330715647 2058
17.000 28904064 1171919151 4453425029 2120
18.000 30248064 1227965701 4644588273 2275
19.000 30248064 1227965701 4781224718 2468
20.000 30328704 1230946052 4923783278 2662
21.000 30355584 1232209735 5029604056 2789
22.000 30570624 1239928557 5169294625 2970
23.000 31350144 1283825277 5306849342 3066
24.000 32930688 1363132650 5533719292 3135
25.001 33038208 1378783533 5838838572 3398
26.000 33656448 1406232082 5946077860 3472
27.000 34368768 1438705106 6097715831 3623
28.000 34368768 1438705106 6233894896 3817
29.000 36673728 1522857834 6560283797 3914
30.000 37036608 1537978247 6678830156 4036
1.000 1657152 270771557 416973942 57
2.000 5420352 431703069 645702683 136
3.000 7422912 572354058 830847069 178
4.000 7422912 572354058 932185863 258
5.000 7463232 573903363 1020724387 362
6.002 8309952 605307269 1131930938 464
7.000 10618944 963442478 1598926292 510
8.000 12644352 1212212488 2071635207 594
9.000 16286592 1533339715 2471381510 625
10.000 22374912 1778744172 2781918375 684
11.000 29753472 2092685320 3140758155 722
12.000 36930432 2358821532 3448697622 768
13.000 41143872 2489399799 3619648090 807
14.000 42682752 2664191960 3864987115 838
15.002 45268608 2751787187 4043573532 871
16.000 45890880 2987836035 4382131225 944
17.000 49293888 3222547372 4734907508 993
18.000 51999360 3469011486 5023799021 1024
19.000 55534080 3653135410 5276507644 1063
20.000 57234240 3748027844 5408303920 1098
21.000 58632000 3842039914 5539413715 1139
22.000 59510976 4083081126 5870506973 1186
23.000 59927616 4100165563 5957835955 1272
24.000 62414016 4206350469 6162773356 1334
25.000 69906816 4709752911 6778909088 1382
26.000 71418816 4908913769 7053452556 1438
27.000 76593216 5128658363 7417154441 1514
28.000 78179136 5203316383 7565597525 1599
29.000 79200576 5240961477 7681083642 1678
30.000 80688384 5383953214 7898132813 1747
