0.000000 9.500000 0.950000 0
0.000000 12.310000 2.180000 0
0.000000 12.400000 3.420000 0
0.000000 12.420000 4.660000 0
0.000000 12.310000 5.890000 304
0.000000 12.390000 7.130000 304
0.000000 12.460000 8.380000 304
0.000000 12.560000 9.630000 304
0.000000 12.410000 10.880000 304
0.000000 12.350000 12.110000 9648
0.000000 12.730000 12.430000 9648
0.000000 13.000000 12.500000 9648
0.000000 12.200000 12.480000 9648
0.000000 13.030000 12.540000 9648
0.000000 13.200000 12.630000 9648
0.000000 13.180000 12.710000 9648
0.000000 13.190000 12.780000 9648
0.000000 12.800000 12.810000 9648
0.000000 12.900000 12.860000 9648
0.000000 12.920000 12.910000 9648
0.000000 13.020000 12.940000 9648
0.000000 12.280000 12.870000 9648
0.000000 12.960000 12.950000 9648
0.000000 12.940000 12.940000 9648
0.000000 13.050000 12.920000 9648
0.000000 12.050000 12.810000 9648
0.000000 12.260000 12.720000 9648
0.000000 12.920000 12.730000 9648
0.000000 12.730000 12.710000 9648
0.000000 12.820000 12.700000 26240
0.000000 12.090000 12.610000 0
0.000000 21.100000 13.490000 0
0.000000 21.060000 14.300000 0
0.000000 21.120000 15.120000 0
0.000000 21.270000 15.940000 0
0.000000 21.070000 16.840000 0
0.000000 20.870000 17.710000 0
0.000000 20.670000 18.480000 0
0.000000 20.410000 19.250000 7152
0.000000 20.530000 20.020000 7152
0.000000 20.170000 20.830000 7152
0.000000 20.580000 20.770000 7152
0.000000 20.650000 20.730000 11808
0.000000 20.600000 20.680000 11808
0.000000 20.740000 20.630000 11808
0.000000 20.390000 20.560000 18528
0.000000 20.680000 20.540000 18528
0.000000 19.300000 20.400000 18528
0.000000 20.570000 20.420000 18528
0.000000 20.390000 20.410000 32136
0.000000 21.000000 20.490000 32136
0.000000 20.770000 20.510000 32136
0.000000 19.930000 20.440000 32136
0.000000 20.610000 20.440000 32136
0.000000 20.630000 20.420000 32136
0.000000 19.710000 20.360000 32136
0.000000 20.900000 20.380000 32136
0.000000 21.080000 20.560000 32136
0.000000 21.190000 20.620000 34944
0.000000 21.490000 20.730000 34944
0.000000 14.580000 20.090000 0
0.000000 47.260000 22.740000 0
0.000000 47.580000 25.500000 0
0.000000 45.130000 27.950000 0
0.000000 48.100000 30.700000 0
0.000000 46.890000 33.420000 0
0.000000 47.750000 36.100000 0
0.000000 48.110000 38.810000 0
0.000000 49.840000 41.670000 0
0.000000 49.010000 44.420000 4424
0.000000 49.660000 47.930000 4424
0.000000 49.390000 48.150000 25480
0.000000 49.720000 48.360000 25480
0.000000 49.250000 48.770000 25480
0.000000 49.860000 48.950000 25480
0.000000 49.800000 49.240000 25480
0.000000 49.160000 49.380000 46816
0.000000 49.540000 49.520000 61320
0.000000 49.340000 49.470000 61320
0.000000 46.960000 49.260000 61320
0.000000 49.580000 49.270000 61320
0.000000 49.650000 49.280000 61320
0.000000 50.230000 49.340000 61320
0.000000 47.600000 49.170000 91560
0.000000 49.300000 49.110000 91560
0.000000 49.290000 49.070000 112392
0.000000 50.010000 49.140000 112392
0.000000 44.250000 48.630000 112392
0.000000 50.100000 48.700000 112392
0.000000 47.190000 48.720000 112392
0.000000 46.700000 48.430000 112392
0.000000 57.990000 49.270000 0
0.000000 91.620000 53.400000 0
0.000000 84.510000 57.090000 0
0.000000 91.290000 61.290000 1560
0.000000 87.980000 65.170000 1560
0.000000 78.850000 68.050000 1560
0.000000 78.930000 71.510000 1560
0.000000 87.530000 75.260000 3328
0.000000 90.140000 79.550000 3328
0.000000 87.470000 83.630000 3328
0.000000 93.500000 87.180000 3328
0.000000 88.060000 86.830000 3328
0.000000 93.790000 87.740000 3328
0.000000 93.850000 88.020000 6448
0.000000 92.820000 88.500000 6448
0.000000 93.510000 89.960000 6448
0.000000 92.100000 91.280000 6448
0.000000 86.260000 91.150000 6448
0.000000 93.660000 91.510000 6448
0.000000 87.760000 91.530000 6448
0.000000 92.940000 91.470000 6448
0.000000 93.690000 92.030000 6448
0.000000 93.830000 92.050000 6448
0.000000 94.190000 92.080000 6448
0.000000 92.930000 92.090000 52000
0.000000 94.870000 92.220000 52000
0.000000 87.340000 91.750000 52000
0.000000 75.760000 90.700000 52000
0.000000 87.610000 90.090000 54704
0.000000 91.960000 90.510000 54704
0.000000 81.700000 89.390000 0
0.000000 158.340000 95.850000 0
0.000000 165.720000 103.040000 0
0.000000 176.060000 111.230000 0
0.000000 171.640000 119.090000 0
0.000000 174.430000 127.070000 0
0.000000 174.140000 135.720000 0
0.000000 175.290000 145.700000 0
0.000000 176.500000 154.580000 0
0.000000 155.680000 160.940000 0
0.000000 160.760000 168.870000 8568
0.000000 160.230000 169.040000 8568
0.000000 148.320000 167.300000 8568
0.000000 127.080000 162.400000 8568
0.000000 135.210000 158.770000 8568
0.000000 143.020000 155.630000 8568
0.000000 136.000000 151.800000 8568
0.000000 131.620000 147.440000 8568
0.000000 133.450000 143.130000 8568
0.000000 143.830000 141.960000 8568
0.000000 146.230000 140.500000 8568
0.000000 163.360000 140.810000 8568
0.000000 151.440000 141.120000 8568
0.000000 164.220000 144.840000 8568
0.000000 150.070000 146.320000 20808
0.000000 153.040000 147.300000 20808
0.000000 159.260000 149.670000 21624
0.000000 158.770000 152.340000 21624
0.000000 153.460000 154.400000 21624
0.000000 165.300000 156.510000 21624
0.000000 111.880000 153.080000 0
0.000000 313.290000 168.050000 0
0.000000 354.800000 188.440000 0
0.000000 297.430000 201.720000 0
0.000000 316.980000 218.440000 0
0.000000 317.530000 234.870000 0
0.000000 300.750000 249.030000 0
0.000000 304.350000 263.560000 0
0.000000 310.600000 279.290000 0
0.000000 316.220000 294.380000 0
0.000000 313.630000 314.540000 0
0.000000 315.710000 314.820000 0
0.000000 316.050000 310.900000 0
0.000000 312.920000 312.500000 0
0.000000 316.150000 312.380000 0
0.000000 318.800000 312.520000 0
0.000000 315.730000 314.040000 0
0.000000 318.790000 315.460000 0
0.000000 318.220000 316.200000 0
0.000000 318.500000 316.470000 0
0.000000 318.410000 316.930000 0
0.000000 315.500000 316.910000 0
0.000000 317.340000 317.030000 0
0.000000 312.730000 317.010000 0
0.000000 317.140000 317.090000 0
0.000000 318.510000 317.110000 0
0.000000 318.660000 317.390000 0
0.000000 318.830000 317.390000 0
0.000000 318.360000 317.390000 0
0.000000 318.540000 317.400000 0
0.000000 317.470000 317.310000 0
0.000000 123.310000 298.090000 0
0.000000 421.260000 308.470000 0
0.000000 459.500000 323.170000 0
0.000000 458.220000 337.260000 0
0.000000 460.080000 351.400000 0
0.000000 454.610000 365.040000 0
0.000000 459.810000 379.120000 0
0.000000 449.840000 392.270000 0
0.000000 450.290000 405.430000 0
0.000000 439.000000 417.600000 0
0.000000 356.930000 440.930000 0
0.000000 432.210000 442.060000 0
0.000000 429.050000 439.010000 0
0.000000 315.280000 424.710000 0
0.000000 227.770000 401.480000 0
0.000000 212.200000 377.230000 0
0.000000 517.340000 383.000000 0
0.000000 271.600000 365.150000 0
0.000000 347.130000 354.850000 0
0.000000 435.530000 354.510000 0
0.000000 547.670000 373.570000 0
0.000000 544.180000 384.770000 0
0.000000 473.410000 389.180000 0
0.000000 405.370000 398.230000 0
0.000000 443.350000 419.780000 0
0.000000 439.870000 442.560000 0
0.000000 439.820000 434.770000 0
0.000000 438.640000 451.490000 0
0.000000 432.300000 460.020000 0
0.000000 395.730000 456.040000 0
0.000000 268.690000 428.130000 0
0.000000 426.490000 416.370000 0
0.000000 456.690000 414.690000 0
0.000000 276.210000 401.780000 0
0.000000 469.860000 404.400000 0
0.000000 344.470000 394.950000 0
0.000000 337.710000 384.670000 0
0.000000 471.630000 387.960000 0
0.000000 667.070000 411.470000 0
0.000000 667.520000 438.630000 0
0.000000 647.030000 476.450000 0
0.000000 298.580000 463.680000 0
0.000000 477.980000 465.820000 0
0.000000 335.510000 471.720000 0
0.000000 401.730000 464.920000 0
0.000000 466.950000 477.190000 0
0.000000 510.620000 494.450000 0
0.000000 186.450000 465.940000 0
0.000000 395.880000 438.840000 0
0.000000 554.670000 427.540000 0
0.000000 539.170000 416.750000 0
0.000000 540.960000 440.970000 0
0.000000 542.130000 447.410000 0
0.000000 505.620000 464.430000 0
0.000000 379.390000 462.200000 0
0.000000 548.690000 470.340000 0
0.000000 377.450000 457.040000 0
0.000000 222.200000 460.630000 0
0.000000 251.160000 446.140000 0
0.000000 360.560000 426.760000 0
0.000000 432.000000 416.010000 0
0.000000 450.080000 406.930000 0
0.000000 569.040000 409.620000 0
0.000000 584.510000 417.480000 0
0.000000 355.060000 415.110000 0
0.000000 503.670000 410.570000 0
0.000000 421.350000 415.000000 0
0.000000 582.140000 450.940000 0
0.000000 554.590000 481.300000 0
0.000000 586.070000 503.850000 0
0.000000 434.010000 504.070000 0
0.000000 277.320000 486.780000 0
0.000000 487.260000 478.620000 0
0.000000 583.960000 478.540000 0
0.000000 580.360000 501.070000 0
0.000000 452.780000 495.960000 0
0.000000 481.110000 501.960000 0
0.000000 599.940000 503.720000 0
0.000000 528.590000 501.130000 0
0.000000 577.380000 500.290000 0
0.000000 401.500000 497.040000 0
0.000000 258.800000 495.160000 0
0.000000 256.170000 472.080000 0
0.000000 432.160000 456.840000 0
0.000000 590.970000 457.920000 0
0.000000 293.020000 442.000000 0
0.000000 675.700000 461.440000 0
0.000000 281.360000 429.560000 0
0.000000 298.160000 406.520000 0
0.000000 812.360000 430.020000 0
0.000000 449.680000 434.840000 0
0.000000 267.360000 435.690000 0
0.000000 429.060000 452.390000 0
0.000000 454.750000 455.900000 0
0.000000 362.520000 432.340000 0
0.000000 406.530000 443.720000 0
0.000000 476.860000 423.910000 0
0.000000 430.040000 438.760000 0
0.000000 485.280000 457.440000 0
0.000000 400.060000 416.180000 0
0.000000 253.680000 396.610000 0
0.000000 263.680000 396.240000 0
0.000000 318.800000 385.150000 0
0.000000 271.690000 366.920000 0
0.000000 263.690000 357.040000 0
0.000000 547.710000 371.110000 0
0.000000 623.620000 385.840000 0
0.000000 332.650000 376.100000 0
0.000000 553.690000 382.880000 0
0.000000 361.210000 379.060000 0
0.000000 581.560000 411.860000 0
0.000000 308.070000 416.260000 0
0.000000 405.930000 424.990000 0
0.000000 398.640000 437.680000 0
0.000000 296.010000 440.930000 0
0.000000 301.100000 416.220000 0
0.000000 514.020000 405.300000 0
0.000000 585.300000 430.520000 0
0.000000 484.110000 423.620000 0
0.000000 346.490000 422.130000 0
0.000000 402.230000 404.180000 0
0.000000 251.350000 398.510000 0
0.000000 432.340000 401.180000 0
0.000000 629.250000 424.200000 0
0.000000 707.800000 465.380000 0
0.000000 401.560000 475.410000 0
0.000000 661.360000 490.240000 0
0.000000 475.840000 479.240000 0
0.000000 595.410000 490.400000 0
0.000000 647.680000 520.480000 0
0.000000 219.200000 502.170000 0
0.000000 456.960000 522.740000 0
0.000000 330.070000 512.500000 0
0.000000 591.360000 508.720000 0
0.000000 609.440000 498.880000 0
0.000000 568.490000 515.580000 0
0.000000 482.420000 497.700000 0
0.000000 343.830000 484.460000 0
0.000000 301.920000 455.130000 0
0.000000 252.960000 415.660000 0
0.000000 255.040000 419.250000 0
0.000000 368.800000 410.440000 0
0.000000 421.430000 419.560000 0
0.000000 361.450000 396.590000 0
0.000000 381.750000 373.800000 0
0.000000 410.880000 358.050000 0
0.000000 386.720000 348.480000 0
0.000000 401.120000 354.210000 0
0.000000 316.330000 355.660000 0
0.000000 298.710000 360.210000 0
0.000000 344.960000 369.210000 0
0.000000 377.930000 370.140000 0
0.000000 395.210000 367.520000 0
0.000000 547.120000 386.020000 0
0.000000 508.060000 398.750000 0
0.000000 454.400000 403.060000 0
0.000000 470.400000 411.420000 0
0.000000 377.240000 408.690000 0
0.000000 439.610000 421.750000 0
0.000000 451.600000 436.650000 0
0.000000 411.530000 443.240000 0
0.000000 451.280000 450.720000 0
0.000000 417.970000 452.890000 0
0.000000 440.940000 442.060000 0
0.000000 407.470000 432.520000 0
0.000000 597.990000 446.600000 0
0.000000 368.800000 436.440000 0
0.000000 384.740000 437.100000 0
0.000000 431.320000 436.120000 0
0.000000 439.550000 435.510000 0
0.000000 423.390000 436.140000 0
0.000000 407.400000 432.170000 0
0.000000 429.600000 433.120000 0
0.000000 420.780000 431.060000 0
0.000000 439.620000 434.340000 0
0.000000 413.600000 415.880000 0
0.000000 393.520000 411.840000 0
0.000000 512.960000 438.620000 0
0.000000 381.220000 425.940000 0
0.000000 268.010000 408.810000 0
0.000000 387.580000 405.180000 0
0.000000 392.800000 403.760000 0
0.000000 232.820000 384.110000 0
0.000000 390.370000 381.020000 0
0.000000 396.810000 376.770000 0
0.000000 413.210000 376.410000 0
0.000000 393.030000 376.220000 0
0.000000 354.530000 361.170000 0
0.000000 947.830000 417.100000 0
0.000000 763.820000 468.190000 0
0.000000 391.200000 467.680000 0
0.000000 413.600000 469.760000 0
0.000000 469.910000 493.000000 0
0.000000 412.430000 496.190000 0
0.000000 431.210000 499.140000 0
0.000000 488.750000 506.590000 0
0.000000 529.660000 520.380000 0
0.000000 847.170000 569.580000 0
0.000000 555.240000 530.200000 0
0.000000 680.770000 521.980000 0
0.000000 604.800000 543.360000 0
0.000000 615.840000 563.450000 0
0.000000 324.080000 549.090000 0
0.000000 672.840000 575.070000 0
0.000000 538.830000 584.650000 0
0.000000 627.550000 600.780000 0
0.000000 616.920000 608.520000 0
0.000000 443.230000 568.030000 0
0.000000 360.780000 548.530000 0
0.000000 442.430000 524.750000 0
0.000000 583.970000 522.610000 0
0.000000 433.630000 504.430000 0
0.000000 403.870000 512.230000 0
0.000000 611.420000 506.420000 0
0.000000 435.200000 495.760000 0
0.000000 447.990000 477.910000 0
0.000000 406.400000 456.880000 0
0.000000 606.390000 473.190000 0
0.000000 510.410000 488.170000 0
0.000000 907.180000 534.630000 0
0.000000 907.230000 566.980000 0
0.000000 937.580000 617.350000 0
0.000000 444.810000 621.450000 0
0.000000 889.580000 649.270000 0
0.000000 939.200000 699.680000 0
0.000000 870.410000 741.930000 0
0.000000 712.000000 772.480000 0
0.000000 566.400000 768.480000 0
0.000000 396.810000 757.130000 0
0.000000 361.590000 702.550000 0
0.000000 627.220000 674.580000 0
0.000000 470.410000 627.860000 0
0.000000 511.960000 634.510000 0
0.000000 408.010000 586.410000 0
0.000000 691.200000 561.600000 0
0.000000 513.600000 525.920000 0
0.000000 894.410000 544.170000 0
0.000000 548.800000 542.400000 0
0.000000 443.190000 547.030000 0
0.000000 608.020000 571.700000 0
0.000000 579.180000 566.860000 0
0.000000 497.590000 569.590000 0
0.000000 390.430000 557.490000 0
0.000000 579.050000 574.410000 0
0.000000 420.080000 547.540000 0
0.000000 252.010000 521.310000 0
0.000000 535.990000 485.440000 0
0.000000 527.900000 483.260000 0
0.000000 696.120000 508.730000 0
0.000000 431.890000 490.920000 0
0.000000 488.090000 482.010000 0
0.000000 571.940000 489.310000 0
0.000000 327.930000 483.010000 0
0.000000 252.110000 450.600000 0
0.000000 667.960000 475.170000 0
0.000000 603.340000 509.840000 0
0.000000 408.450000 498.150000 0
0.000000 335.990000 478.390000 0
0.000000 352.000000 444.000000 0
0.000000 492.010000 450.010000 0
0.000000 500.030000 451.230000 0
0.000000 631.960000 457.170000 0
0.000000 496.000000 474.000000 0
0.000000 540.020000 502.820000 0
0.000000 655.950000 501.560000 0
0.000000 636.030000 504.820000 0
0.000000 459.730000 509.700000 0
0.000000 688.340000 545.470000 0
0.000000 476.060000 557.670000 0
0.000000 355.970000 543.960000 0
0.000000 527.950000 546.750000 0
0.000000 416.040000 525.250000 0
0.000000 384.030000 514.040000 0
0.000000 323.970000 492.360000 0
0.000000 519.950000 478.750000 0
0.000000 488.050000 464.050000 0
0.000000 192.010000 437.220000 0
0.000000 351.990000 403.590000 0
0.000000 479.990000 403.990000 0
0.000000 518.830000 419.450000 0
0.000000 104.240000 378.870000 0
0.000000 360.020000 372.420000 0
0.000000 320.000000 366.000000 0
0.000000 407.970000 374.370000 0
0.000000 656.010000 388.010000 0
0.000000 623.970000 401.580000 0
0.000000 471.970000 429.570000 0
0.000000 576.050000 452.040000 0
0.000000 519.990000 455.990000 0
0.000000 352.000000 439.200000 0
0.000000 464.030000 475.230000 0
0.000000 247.980000 463.970000 0
0.000000 439.980000 475.980000 0
0.000000 528.070000 488.060000 0
0.000000 719.520000 494.070000 0
0.000000 744.410000 506.680000 0
0.000000 400.000000 499.200000 0
0.000000 448.050000 486.450000 0
0.000000 527.960000 487.170000 0
0.000000 640.000000 516.000000 0
0.000000 711.980000 540.790000 0
0.000000 680.030000 584.020000 0
0.000000 200.000000 560.000000 0
0.000000 288.000000 536.000000 0
