0.000000 13.330000 1.330000 0
0.000000 15.810000 2.910000 0
0.000000 15.950000 4.510000 0
0.000000 15.790000 6.090000 0
0.000000 15.860000 7.670000 0
0.000000 15.840000 9.260000 0
0.000000 15.860000 10.840000 0
0.000000 15.940000 12.440000 0
0.000000 15.990000 14.040000 0
0.000000 15.940000 15.630000 0
0.000000 15.980000 15.890000 0
0.000000 15.990000 15.910000 0
0.000000 15.950000 15.910000 0
0.000000 15.820000 15.910000 15072
0.000000 15.840000 15.910000 15072
0.000000 15.840000 15.910000 15072
0.000000 15.860000 15.910000 15072
0.000000 15.800000 15.900000 15072
0.000000 15.890000 15.890000 15072
0.000000 15.950000 15.890000 15072
0.000000 15.870000 15.880000 15072
0.000000 15.630000 15.850000 15072
0.000000 15.730000 15.820000 15072
0.000000 15.770000 15.820000 15072
0.000000 15.710000 15.800000 15072
0.000000 15.680000 15.790000 15072
0.000000 15.770000 15.780000 15072
0.000000 15.750000 15.770000 15072
0.000000 15.770000 15.760000 15072
0.000000 15.780000 15.750000 15072
0.000000 13.330000 15.490000 0
0.000000 25.680000 16.500000 0
0.000000 26.490000 17.570000 0
0.000000 26.540000 18.650000 0
0.000000 25.870000 19.660000 0
0.000000 26.560000 20.750000 0
0.000000 26.620000 21.840000 0
0.000000 26.250000 22.890000 0
0.000000 25.840000 23.900000 0
0.000000 26.700000 24.990000 0
0.000000 26.570000 26.310000 0
0.000000 26.600000 26.400000 0
0.000000 25.620000 26.320000 9336
0.000000 25.890000 26.250000 9336
0.000000 26.660000 26.330000 9336
0.000000 26.730000 26.350000 9336
0.000000 26.580000 26.340000 9336
0.000000 26.550000 26.370000 9336
0.000000 26.450000 26.430000 9336
0.000000 26.620000 26.430000 9336
0.000000 26.620000 26.430000 9336
0.000000 26.540000 26.420000 9336
0.000000 24.790000 26.340000 9336
0.000000 26.500000 26.400000 9336
0.000000 26.490000 26.390000 9336
0.000000 26.730000 26.390000 9336
0.000000 24.470000 26.180000 9336
0.000000 27.700000 26.290000 9336
0.000000 26.770000 26.320000 9336
0.000000 26.640000 26.320000 9336
0.000000 20.000000 25.660000 0
0.000000 62.370000 29.250000 0
0.000000 64.140000 33.180000 0
0.000000 64.300000 36.960000 0
0.000000 63.970000 40.710000 0
0.000000 63.080000 44.340000 0
0.000000 63.150000 48.210000 0
0.000000 63.950000 51.840000 0
0.000000 64.360000 55.590000 0
0.000000 60.930000 59.020000 0
0.000000 63.490000 63.370000 0
0.000000 64.680000 63.600000 0
0.000000 64.940000 63.680000 0
0.000000 64.760000 63.730000 0
0.000000 64.430000 63.780000 0
0.000000 64.740000 63.940000 0
0.000000 64.740000 64.100000 0
0.000000 64.840000 64.190000 0
0.000000 63.250000 64.080000 0
0.000000 60.370000 64.020000 0
0.000000 64.270000 64.100000 0
0.000000 64.350000 64.070000 0
0.000000 62.650000 63.840000 0
0.000000 64.910000 63.850000 0
0.000000 64.680000 63.880000 0
0.000000 66.020000 64.010000 0
0.000000 67.460000 64.280000 0
0.000000 67.510000 64.550000 0
0.000000 67.580000 64.980000 0
0.000000 66.220000 65.560000 0
0.000000 54.760000 64.610000 0
0.000000 62.800000 64.460000 0
0.000000 104.210000 68.610000 0
0.000000 121.020000 74.220000 0
0.000000 112.530000 79.010000 0
0.000000 122.670000 84.680000 0
0.000000 123.240000 90.250000 0
0.000000 124.610000 95.960000 0
0.000000 124.590000 101.670000 0
0.000000 124.270000 107.470000 0
0.000000 124.970000 114.490000 0
0.000000 116.890000 119.900000 0
0.000000 119.340000 121.420000 0
0.000000 112.830000 120.590000 0
0.000000 105.210000 119.860000 0
0.000000 100.080000 117.610000 0
0.000000 102.240000 115.500000 0
0.000000 107.970000 113.840000 0
0.000000 109.520000 112.330000 0
0.000000 109.650000 110.870000 0
0.000000 104.850000 108.860000 0
0.000000 109.880000 108.130000 0
0.000000 110.740000 107.320000 0
0.000000 102.440000 106.250000 0
0.000000 101.630000 105.910000 0
0.000000 108.440000 106.740000 0
0.000000 100.830000 106.590000 0
0.000000 109.750000 106.760000 0
0.000000 109.360000 106.770000 12792
0.000000 111.370000 106.930000 12792
0.000000 106.080000 107.050000 12792
0.000000 92.370000 105.300000 0
0.000000 174.930000 111.720000 0
0.000000 177.560000 119.230000 0
0.000000 177.290000 126.800000 0
0.000000 177.170000 133.670000 0
0.000000 177.710000 141.360000 0
0.000000 177.610000 148.140000 0
0.000000 176.880000 154.900000 0
0.000000 150.240000 158.780000 0
0.000000 106.770000 158.850000 0
0.000000 152.900000 164.910000 0
0.000000 186.570000 166.070000 0
0.000000 187.750000 167.080000 0
0.000000 188.140000 168.150000 0
0.000000 187.510000 169.220000 0
0.000000 188.010000 170.240000 0
0.000000 187.390000 171.200000 0
0.000000 187.880000 172.310000 0
0.000000 187.580000 176.060000 0
0.000000 187.750000 184.160000 0
0.000000 173.030000 186.160000 0
0.000000 169.290000 184.420000 0
0.000000 181.570000 183.830000 0
0.000000 181.100000 183.100000 0
0.000000 178.880000 182.250000 0
0.000000 177.330000 181.190000 0
0.000000 181.570000 180.600000 0
0.000000 164.920000 178.280000 0
0.000000 180.560000 177.620000 0
0.000000 176.640000 176.500000 0
0.000000 108.210000 170.000000 0
0.000000 324.970000 185.580000 0
0.000000 368.770000 204.300000 0
0.000000 171.470000 203.320000 0
0.000000 290.680000 214.520000 0
0.000000 366.940000 233.470000 0
0.000000 372.190000 252.520000 0
0.000000 372.840000 273.340000 0
0.000000 370.560000 292.320000 0
0.000000 367.450000 311.400000 0
0.000000 372.630000 337.850000 0
0.000000 369.920000 342.350000 0
0.000000 355.730000 341.040000 0
0.000000 345.310000 358.410000 0
0.000000 374.040000 366.760000 0
0.000000 374.020000 367.430000 0
0.000000 374.290000 367.740000 0
0.000000 373.090000 367.710000 0
0.000000 372.130000 367.860000 0
0.000000 372.990000 368.410000 0
0.000000 374.080000 368.560000 0
0.000000 373.330000 368.890000 0
0.000000 373.230000 370.660000 0
0.000000 372.130000 373.330000 0
0.000000 372.100000 373.130000 0
0.000000 286.000000 364.340000 0
0.000000 311.810000 358.090000 0
0.000000 372.360000 358.010000 0
0.000000 372.900000 358.090000 0
0.000000 372.980000 358.080000 0
0.000000 374.020000 358.100000 0
0.000000 265.500000 347.270000 0
0.000000 414.360000 351.440000 0
0.000000 396.790000 353.880000 0
0.000000 399.190000 356.600000 0
0.000000 228.980000 350.890000 0
0.000000 400.310000 359.700000 0
0.000000 448.420000 367.390000 0
0.000000 451.860000 375.240000 0
0.000000 452.420000 383.180000 0
0.000000 452.740000 391.070000 0
0.000000 441.900000 408.670000 0
0.000000 443.420000 411.620000 0
0.000000 449.030000 416.820000 0
0.000000 438.570000 420.770000 0
0.000000 431.320000 440.980000 0
0.000000 432.890000 444.260000 0
0.000000 434.170000 442.830000 0
0.000000 419.380000 439.580000 0
0.000000 440.210000 438.360000 0
0.000000 377.850000 430.880000 0
0.000000 344.460000 421.130000 0
0.000000 431.420000 419.910000 0
0.000000 437.380000 418.790000 0
0.000000 554.610000 430.360000 0
0.000000 552.010000 442.440000 0
0.000000 283.040000 427.450000 0
0.000000 431.250000 427.160000 0
0.000000 415.060000 426.720000 0
0.000000 433.760000 426.090000 0
0.000000 445.330000 432.800000 0
0.000000 245.390000 422.950000 0
0.000000 572.240000 437.010000 0
0.000000 359.300000 429.170000 0
0.000000 264.020000 400.170000 0
0.000000 317.170000 376.660000 0
0.000000 520.310000 400.380000 0
0.000000 452.610000 402.510000 0
0.000000 374.420000 398.470000 0
0.000000 308.070000 385.900000 0
0.000000 569.660000 398.320000 0
0.000000 568.050000 430.580000 0
0.000000 180.270000 391.390000 0
0.000000 546.720000 410.130000 0
0.000000 498.620000 433.590000 0
0.000000 428.110000 444.680000 0
0.000000 549.750000 447.630000 0
0.000000 333.840000 435.710000 0
0.000000 521.160000 450.430000 0
0.000000 484.910000 468.150000 0
0.000000 371.410000 448.250000 0
0.000000 190.920000 410.600000 0
0.000000 446.570000 437.200000 0
0.000000 241.710000 406.680000 0
0.000000 434.310000 400.290000 0
0.000000 317.480000 389.200000 0
0.000000 364.470000 370.690000 0
0.000000 464.750000 383.770000 0
0.000000 377.430000 369.390000 0
0.000000 460.120000 366.910000 0
0.000000 339.010000 363.680000 0
0.000000 391.600000 383.750000 0
0.000000 650.320000 404.120000 0
0.000000 572.820000 437.220000 0
0.000000 560.900000 449.900000 0
0.000000 298.440000 447.980000 0
0.000000 625.180000 474.070000 0
0.000000 577.400000 485.320000 0
0.000000 568.190000 504.390000 0
0.000000 242.720000 482.660000 0
0.000000 346.600000 483.420000 0
0.000000 479.160000 492.170000 0
0.000000 522.860000 479.410000 0
0.000000 232.600000 445.400000 0
0.000000 370.760000 426.230000 0
0.000000 602.360000 456.960000 0
0.000000 433.270000 437.610000 0
0.000000 679.600000 447.800000 0
0.000000 349.080000 425.890000 0
0.000000 202.080000 421.830000 0
0.000000 323.210000 419.490000 0
0.000000 254.480000 397.020000 0
0.000000 270.550000 371.780000 0
0.000000 568.660000 405.410000 0
0.000000 471.040000 415.400000 0
0.000000 476.050000 402.800000 0
0.000000 426.240000 402.090000 0
0.000000 472.360000 381.380000 0
0.000000 624.980000 408.950000 0
0.000000 473.450000 436.110000 0
0.000000 247.430000 428.500000 0
0.000000 489.870000 452.080000 0
0.000000 243.270000 449.320000 0
0.000000 433.680000 435.760000 0
0.000000 433.290000 432.150000 0
0.000000 277.920000 412.250000 0
0.000000 376.320000 407.260000 0
0.000000 287.280000 388.750000 0
0.000000 360.000000 362.240000 0
0.000000 530.470000 367.940000 0
0.000000 393.860000 382.610000 0
0.000000 654.560000 399.060000 0
0.000000 496.630000 424.390000 0
0.000000 243.670000 405.380000 0
0.000000 424.810000 404.570000 0
0.000000 354.480000 412.210000 0
0.000000 488.080000 423.380000 0
0.000000 630.080000 457.660000 0
0.000000 208.080000 442.470000 0
0.000000 326.410000 422.070000 0
0.000000 345.760000 417.260000 0
0.000000 485.290000 400.330000 0
0.000000 635.010000 414.150000 0
0.000000 641.470000 453.970000 0
0.000000 526.380000 464.090000 0
0.000000 471.040000 475.760000 0
0.000000 396.570000 466.620000 0
0.000000 490.080000 452.610000 0
0.000000 502.010000 482.010000 0
0.000000 429.600000 492.320000 0
0.000000 469.030000 504.640000 0
0.000000 617.680000 517.890000 0
0.000000 344.160000 488.800000 0
0.000000 373.600000 462.020000 0
0.000000 513.120000 460.690000 0
0.000000 534.220000 466.990000 0
0.000000 551.840000 482.530000 0
0.000000 538.580000 487.400000 0
0.000000 500.630000 487.240000 0
0.000000 218.570000 466.160000 0
0.000000 368.640000 456.100000 0
0.000000 280.480000 422.390000 0
0.000000 344.000000 422.370000 0
0.000000 499.830000 434.990000 0
0.000000 597.280000 443.410000 0
0.000000 290.880000 419.080000 0
0.000000 310.240000 394.910000 0
0.000000 255.680000 366.630000 0
0.000000 347.520000 351.310000 0
0.000000 449.110000 374.360000 0
0.000000 340.300000 371.520000 0
0.000000 349.790000 378.500000 0
0.000000 251.680000 369.230000 0
0.000000 267.990000 346.040000 0
0.000000 521.440000 338.460000 0
0.000000 616.220000 370.950000 0
0.000000 625.040000 402.530000 0
0.000000 381.000000 415.050000 0
0.000000 621.280000 442.380000 0
0.000000 521.090000 449.560000 0
0.000000 433.460000 458.910000 0
0.000000 388.490000 462.780000 0
0.000000 256.960000 463.290000 0
0.000000 262.400000 462.740000 0
0.000000 266.400000 437.230000 0
0.000000 624.000000 438.000000 0
0.000000 477.200000 423.220000 0
0.000000 489.210000 434.050000 0
0.000000 265.980000 398.500000 0
0.000000 488.390000 395.240000 0
0.000000 418.830000 393.810000 0
0.000000 498.370000 404.750000 0
0.000000 413.600000 420.440000 0
0.000000 575.230000 451.740000 0
0.000000 491.590000 474.230000 0
0.000000 396.400000 451.490000 0
0.000000 643.610000 468.130000 0
0.000000 335.200000 452.720000 0
0.000000 252.780000 451.370000 0
0.000000 263.610000 428.930000 0
0.000000 263.210000 413.370000 0
0.000000 379.610000 401.490000 0
0.000000 633.190000 423.440000 0
0.000000 307.200000 396.640000 0
0.000000 656.790000 413.160000 0
0.000000 408.400000 414.360000 0
0.000000 303.200000 380.320000 0
0.000000 345.600000 381.360000 0
0.000000 393.610000 395.450000 0
0.000000 698.390000 438.920000 0
0.000000 589.610000 471.570000 0
0.000000 274.800000 461.070000 0
0.000000 306.800000 428.430000 0
0.000000 402.790000 437.990000 0
0.000000 487.210000 421.050000 0
0.000000 223.980000 402.560000 0
0.000000 585.640000 430.870000 0
0.000000 482.420000 444.530000 0
0.000000 624.800000 467.640000 0
0.000000 567.200000 454.520000 0
0.000000 712.000000 466.760000 0
0.000000 671.200000 506.400000 0
0.000000 548.010000 530.530000 0
0.000000 414.400000 531.670000 0
0.000000 280.800000 511.040000 0
0.000000 670.350000 555.640000 0
0.000000 677.520000 564.810000 0
0.000000 693.750000 586.120000 0
0.000000 601.600000 583.680000 0
0.000000 412.800000 568.240000 0
0.000000 338.400000 530.880000 0
0.000000 517.230000 515.160000 0
0.000000 397.870000 500.820000 0
0.000000 508.010000 509.850000 0
0.000000 571.200000 538.880000 0
0.000000 721.590000 543.990000 0
0.000000 639.980000 540.220000 0
0.000000 290.410000 499.930000 0
0.000000 264.810000 466.260000 0
0.000000 243.200000 449.270000 0
0.000000 517.500000 467.110000 0
0.000000 442.440000 459.730000 0
0.000000 708.030000 490.740000 0
0.000000 382.430000 478.190000 0
0.000000 494.390000 470.470000 0
0.000000 360.000000 434.320000 0
0.000000 579.170000 428.220000 0
0.000000 444.460000 443.340000 0
0.000000 533.230000 470.860000 0
0.000000 720.000000 518.160000 0
0.000000 467.190000 513.110000 0
0.000000 334.400000 502.320000 0
0.000000 563.210000 487.840000 0
0.000000 620.790000 511.670000 0
0.000000 748.800000 537.120000 0
0.000000 296.000000 530.730000 0
0.000000 323.170000 505.070000 0
0.000000 390.440000 499.730000 0
0.000000 681.530000 514.510000 0
0.000000 627.260000 505.330000 0
0.000000 411.210000 499.690000 0
0.000000 695.990000 535.840000 0
0.000000 713.400000 550.720000 0
0.000000 564.960000 545.430000 0
0.000000 478.320000 518.150000 0
0.000000 563.290000 545.050000 0
0.000000 803.200000 592.960000 0
0.000000 416.000000 595.530000 0
0.000000 222.400000 549.600000 0
0.000000 369.600000 523.840000 0
0.000000 644.790000 547.190000 0
0.000000 697.600000 547.360000 0
0.000000 590.400000 535.040000 0
0.000000 535.940000 532.100000 0
0.000000 632.080000 547.590000 0
0.000000 695.990000 560.790000 0
0.000000 620.000000 542.480000 0
0.000000 288.000000 529.680000 0
0.000000 372.000000 544.640000 0
0.000000 356.000000 543.280000 0
0.000000 351.990000 513.980000 0
0.000000 452.020000 489.460000 0
0.000000 316.000000 462.000000 0
0.000000 384.000000 446.800000 0
0.000000 404.000000 424.000000 0
0.000000 304.000000 384.800000 0
0.000000 259.930000 348.710000 0
0.000000 596.160000 379.700000 0
0.000000 515.990000 393.990000 0
0.000000 560.000000 414.400000 0
0.000000 412.000000 420.400000 0
0.000000 452.010000 420.400000 0
0.000000 290.250000 415.490000 0
0.000000 422.550000 424.160000 0
0.000000 484.000000 429.600000 0
0.000000 488.000000 448.000000 0
0.000000 508.000000 472.800000 0
0.000000 416.000000 454.800000 0
0.000000 564.000000 459.600000 0
0.000000 311.990000 434.790000 0
0.000000 635.890000 457.120000 0
0.000000 455.880000 457.480000 0
0.000000 476.220000 476.220000 0
0.000000 268.000000 460.800000 0
0.000000 264.000000 438.790000 0
0.000000 216.000000 411.600000 0
0.000000 392.010000 400.010000 0
0.000000 232.000000 381.600000 0
0.000000 248.000000 350.000000 0
0.000000 352.000000 354.000000 0
0.000000 263.980000 316.780000 0
0.000000 480.030000 319.220000 0
0.000000 400.000000 311.600000 0
0.000000 696.000000 354.400000 0
0.000000 408.000000 368.800000 0
0.000000 256.000000 372.800000 0
0.000000 256.000000 359.200000 0
0.000000 464.000000 382.400000 0
0.000000 520.000000 409.600000 0
0.000000 256.000000 400.000000 0
0.000000 312.000000 404.800000 0
0.000000 325.400000 386.520000 0
0.000000 499.980000 402.410000 0
0.000000 320.000000 361.600000 0
0.000000 160.000000 336.800000 0
0.000000 424.000000 353.600000 0
0.000000 360.000000 364.000000 0
0.000000 360.000000 353.600000 0
0.000000 184.000000 320.000000 0
0.000000 208.000000 315.200000 0
0.000000 192.000000 303.200000 0
0.000000 511.980000 321.590000 0
0.000000 255.980000 297.570000 0
0.000000 280.020000 293.620000 0
0.000000 48.000000 282.410000 0
