0.000000 11.930000 1.190000 0
0.000000 17.100000 2.900000 0
0.000000 18.610000 4.760000 0
0.000000 18.660000 6.630000 0
0.000000 18.450000 8.480000 0
0.000000 19.090000 10.390000 0
0.000000 19.020000 12.290000 0
0.000000 19.020000 14.190000 0
0.000000 19.030000 16.090000 0
0.000000 18.850000 17.980000 0
0.000000 18.560000 18.640000 0
0.000000 18.640000 18.790000 0
0.000000 18.600000 18.790000 0
0.000000 18.660000 18.790000 0
0.000000 18.590000 18.800000 0
0.000000 18.580000 18.750000 0
0.000000 18.550000 18.710000 0
0.000000 18.580000 18.660000 0
0.000000 18.570000 18.620000 0
0.000000 18.600000 18.590000 0
0.000000 18.530000 18.590000 0
0.000000 18.530000 18.580000 0
0.000000 18.590000 18.580000 0
0.000000 18.660000 18.580000 0
0.000000 18.630000 18.580000 0
0.000000 18.630000 18.590000 0
0.000000 18.350000 18.570000 0
0.000000 18.950000 18.600000 0
0.000000 18.900000 18.640000 0
0.000000 18.970000 18.670000 0
0.000000 14.960000 18.320000 0
0.000000 28.810000 19.340000 0
0.000000 28.690000 20.350000 0
0.000000 29.430000 21.430000 0
0.000000 29.360000 22.500000 0
0.000000 29.290000 23.570000 0
0.000000 29.330000 24.670000 0
0.000000 29.350000 25.710000 0
0.000000 29.290000 26.750000 0
0.000000 29.310000 27.780000 0
0.000000 28.790000 29.170000 0
0.000000 28.600000 29.140000 3024
0.000000 28.100000 29.080000 3024
0.000000 28.570000 29.000000 3024
0.000000 28.040000 28.870000 3024
0.000000 29.750000 28.910000 3024
0.000000 29.860000 28.970000 3024
0.000000 29.540000 28.980000 3024
0.000000 29.260000 28.980000 3024
0.000000 29.250000 28.980000 3024
0.000000 29.290000 29.030000 3024
0.000000 29.250000 29.090000 3024
0.000000 29.260000 29.210000 3024
0.000000 29.290000 29.280000 3024
0.000000 29.130000 29.390000 3024
0.000000 29.950000 29.410000 3024
0.000000 29.900000 29.420000 3024
0.000000 29.860000 29.440000 3024
0.000000 29.300000 29.450000 3024
0.000000 29.280000 29.450000 3024
0.000000 20.420000 28.560000 0
0.000000 65.770000 32.220000 0
0.000000 72.940000 36.580000 0
0.000000 72.750000 40.930000 0
0.000000 72.970000 45.310000 0
0.000000 72.780000 49.600000 0
0.000000 71.480000 53.760000 0
0.000000 70.060000 57.780000 0
0.000000 73.000000 62.150000 0
0.000000 73.880000 66.610000 0
0.000000 72.980000 71.860000 0
0.000000 71.870000 72.480000 0
0.000000 72.220000 72.400000 0
0.000000 72.270000 72.350000 0
0.000000 71.870000 72.240000 0
0.000000 71.270000 72.090000 0
0.000000 72.480000 72.190000 0
0.000000 71.520000 72.340000 0
0.000000 70.210000 72.060000 0
0.000000 69.900000 71.660000 0
0.000000 69.710000 71.330000 0
0.000000 69.280000 71.070000 0
0.000000 68.810000 70.730000 0
0.000000 69.270000 70.430000 0
0.000000 70.060000 70.250000 0
0.000000 70.010000 70.120000 0
0.000000 69.570000 69.830000 0
0.000000 71.820000 69.860000 0
0.000000 71.770000 70.020000 0
0.000000 71.350000 70.160000 0
0.000000 67.050000 69.900000 0
0.000000 90.250000 71.990000 0
0.000000 138.270000 78.950000 0
0.000000 138.780000 85.890000 0
0.000000 135.960000 92.480000 0
0.000000 136.040000 99.100000 0
0.000000 133.780000 105.510000 0
0.000000 133.950000 111.720000 0
0.000000 131.790000 117.720000 0
0.000000 131.420000 123.730000 0
0.000000 131.570000 130.180000 0
0.000000 131.540000 134.310000 0
0.000000 131.710000 133.650000 0
0.000000 132.030000 132.980000 0
0.000000 132.120000 132.590000 0
0.000000 131.870000 132.180000 0
0.000000 131.880000 131.990000 0
0.000000 131.400000 131.730000 0
0.000000 115.980000 130.150000 0
0.000000 134.120000 130.410000 0
0.000000 133.950000 130.690000 0
0.000000 133.850000 130.880000 0
0.000000 133.620000 131.100000 0
0.000000 131.630000 131.050000 0
0.000000 131.460000 130.980000 0
0.000000 131.440000 130.940000 0
0.000000 131.370000 130.870000 0
0.000000 130.890000 130.850000 0
0.000000 131.290000 132.360000 0
0.000000 131.370000 132.080000 0
0.000000 131.210000 131.820000 0
0.000000 75.600000 125.980000 0
0.000000 155.640000 128.190000 0
0.000000 147.280000 129.750000 0
0.000000 145.630000 131.170000 0
0.000000 149.290000 132.950000 0
0.000000 147.670000 134.580000 0
0.000000 147.110000 136.210000 0
0.000000 144.960000 137.570000 0
0.000000 146.250000 139.060000 0
0.000000 145.300000 140.480000 0
0.000000 138.610000 146.770000 0
0.000000 138.010000 145.010000 0
0.000000 146.000000 144.880000 0
0.000000 145.620000 144.880000 0
0.000000 144.930000 144.440000 0
0.000000 144.560000 144.140000 0
0.000000 148.450000 144.270000 0
0.000000 149.040000 144.680000 0
0.000000 150.780000 145.120000 0
0.000000 152.950000 145.900000 0
0.000000 139.690000 146.000000 0
0.000000 131.540000 145.360000 0
0.000000 150.110000 145.770000 0
0.000000 143.860000 145.590000 0
0.000000 148.350000 145.930000 0
0.000000 143.460000 145.810000 0
0.000000 151.580000 146.150000 0
0.000000 147.750000 146.000000 0
0.000000 147.580000 145.690000 0
0.000000 153.730000 145.770000 0
0.000000 97.160000 141.510000 0
0.000000 276.140000 155.980000 0
0.000000 362.510000 177.210000 0
0.000000 356.150000 198.430000 0
0.000000 305.650000 214.200000 0
0.000000 297.360000 229.540000 0
0.000000 315.400000 245.950000 0
0.000000 358.470000 267.030000 0
0.000000 354.430000 287.680000 0
0.000000 358.600000 308.200000 0
0.000000 356.010000 334.040000 0
0.000000 355.970000 342.060000 0
0.000000 356.220000 341.460000 0
0.000000 359.140000 341.700000 0
0.000000 356.490000 346.830000 0
0.000000 356.910000 352.760000 0
0.000000 356.010000 356.810000 0
0.000000 354.910000 356.480000 0
0.000000 359.040000 356.910000 0
0.000000 358.060000 356.910000 0
0.000000 354.780000 356.750000 0
0.000000 358.780000 357.030000 0
0.000000 354.510000 356.850000 0
0.000000 355.520000 356.500000 0
0.000000 340.000000 354.880000 0
0.000000 359.830000 355.120000 0
0.000000 360.540000 355.600000 0
0.000000 349.520000 355.080000 0
0.000000 345.990000 353.710000 0
0.000000 355.460000 353.540000 0
0.000000 359.000000 353.870000 0
0.000000 281.490000 346.240000 0
0.000000 534.080000 364.150000 0
0.000000 570.190000 385.610000 0
0.000000 571.730000 408.780000 0
0.000000 571.400000 429.870000 0
0.000000 562.860000 450.230000 0
0.000000 576.240000 472.880000 0
0.000000 576.420000 495.860000 0
0.000000 573.200000 517.680000 0
0.000000 565.890000 538.350000 0
0.000000 572.460000 567.420000 0
0.000000 577.040000 571.780000 0
0.000000 498.690000 564.570000 0
0.000000 566.910000 564.120000 0
0.000000 578.200000 564.800000 0
0.000000 576.360000 566.140000 0
0.000000 494.460000 557.960000 0
0.000000 532.550000 553.560000 0
0.000000 485.880000 544.860000 0
0.000000 488.040000 537.040000 0
0.000000 569.560000 536.770000 0
0.000000 571.880000 536.280000 0
0.000000 572.680000 543.640000 0
0.000000 574.470000 544.410000 0
0.000000 561.980000 542.790000 0
0.000000 568.900000 541.990000 0
0.000000 404.760000 533.130000 0
0.000000 566.200000 536.350000 0
0.000000 572.490000 545.190000 0
0.000000 484.380000 544.730000 0
0.000000 280.320000 515.420000 0
0.000000 528.640000 511.830000 0
0.000000 560.830000 510.330000 0
0.000000 448.610000 497.680000 0
0.000000 597.960000 501.310000 0
0.000000 333.990000 477.800000 0
0.000000 347.210000 472.040000 0
0.000000 688.490000 484.220000 0
0.000000 631.560000 490.230000 0
0.000000 658.270000 507.550000 0
0.000000 546.820000 534.150000 0
0.000000 668.060000 548.250000 0
0.000000 671.760000 559.250000 0
0.000000 657.180000 580.130000 0
0.000000 558.070000 576.170000 0
0.000000 634.840000 606.140000 0
0.000000 543.030000 625.910000 0
0.000000 608.030000 617.760000 0
0.000000 666.900000 621.210000 0
0.000000 583.700000 613.900000 0
0.000000 309.040000 590.100000 0
0.000000 399.820000 563.160000 0
0.000000 652.420000 561.350000 0
0.000000 587.640000 554.250000 0
0.000000 638.800000 562.540000 0
0.000000 428.630000 541.840000 0
0.000000 550.720000 542.570000 0
0.000000 418.000000 523.550000 0
0.000000 541.270000 511.010000 0
0.000000 472.640000 499.620000 0
0.000000 465.110000 515.820000 0
0.000000 352.490000 510.780000 0
0.000000 522.750000 497.790000 0
0.000000 495.730000 488.570000 0
0.000000 530.770000 477.820000 0
0.000000 470.830000 481.730000 0
0.000000 615.490000 488.860000 0
0.000000 623.920000 509.090000 0
0.000000 546.560000 509.620000 0
0.000000 583.920000 520.720000 0
0.000000 658.820000 540.100000 0
0.000000 778.260000 582.580000 0
0.000000 451.640000 575.650000 0
0.000000 801.840000 606.290000 0
0.000000 756.070000 628.720000 0
0.000000 401.540000 621.790000 0
0.000000 416.210000 601.570000 0
0.000000 589.690000 598.790000 0
0.000000 370.990000 580.880000 0
0.000000 472.930000 569.810000 0
0.000000 447.310000 548.620000 0
0.000000 549.960000 525.790000 0
0.000000 612.220000 541.870000 0
0.000000 623.670000 524.010000 0
0.000000 608.370000 509.320000 0
0.000000 535.230000 522.610000 0
0.000000 615.050000 542.560000 0
0.000000 601.120000 543.680000 0
0.000000 632.470000 569.820000 0
0.000000 624.810000 585.030000 0
0.000000 376.340000 577.900000 0
0.000000 214.800000 544.420000 0
0.000000 328.490000 516.050000 0
0.000000 427.990000 496.460000 0
0.000000 546.400000 490.270000 0
0.000000 661.560000 502.870000 0
0.000000 670.700000 508.510000 0
0.000000 681.840000 516.540000 0
0.000000 674.160000 520.710000 0
0.000000 684.710000 526.690000 0
0.000000 692.570000 558.330000 0
0.000000 602.710000 597.110000 0
0.000000 358.240000 600.090000 0
0.000000 589.440000 616.230000 0
0.000000 611.440000 622.740000 0
0.000000 657.840000 622.360000 0
0.000000 474.640000 602.760000 0
0.000000 527.620000 587.280000 0
0.000000 529.340000 572.920000 0
0.000000 347.670000 539.130000 0
0.000000 298.260000 499.750000 0
0.000000 496.160000 489.060000 0
0.000000 641.910000 517.430000 0
0.000000 675.130000 526.000000 0
0.000000 674.280000 532.260000 0
0.000000 674.760000 534.010000 0
0.000000 562.000000 542.710000 0
0.000000 670.640000 557.010000 0
0.000000 677.440000 571.820000 0
0.000000 493.280000 586.380000 0
0.000000 372.880000 593.850000 0
0.000000 401.280000 584.360000 0
0.000000 556.480000 575.820000 0
0.000000 621.440000 570.450000 0
0.000000 629.920000 566.010000 0
0.000000 663.510000 564.880000 0
0.000000 284.800000 537.180000 0
0.000000 706.560000 540.760000 0
0.000000 320.310000 505.040000 0
0.000000 405.680000 496.020000 0
0.000000 396.240000 498.740000 0
0.000000 525.810000 510.580000 0
0.000000 671.610000 522.840000 0
0.000000 730.580000 533.560000 0
0.000000 690.370000 540.130000 0
0.000000 690.010000 541.800000 0
0.000000 745.380000 588.680000 0
0.000000 668.020000 584.380000 0
0.000000 660.130000 618.190000 0
0.000000 685.950000 646.530000 0
0.000000 472.480000 653.170000 0
0.000000 441.230000 646.330000 0
0.000000 270.730000 605.420000 0
0.000000 412.800000 573.630000 0
0.000000 590.880000 563.760000 0
0.000000 637.720000 558.450000 0
0.000000 635.090000 547.540000 0
0.000000 637.730000 544.460000 0
0.000000 636.820000 542.150000 0
0.000000 636.480000 537.200000 0
0.000000 619.610000 551.790000 0
0.000000 572.380000 565.080000 0
0.000000 205.200000 558.480000 0
0.000000 627.200000 579.910000 0
0.000000 609.530000 581.720000 0
0.000000 316.440000 549.710000 0
0.000000 416.400000 527.790000 0
0.000000 706.370000 534.630000 0
0.000000 825.940000 553.530000 0
0.000000 777.240000 567.670000 0
0.000000 475.220000 553.210000 0
0.000000 431.590000 539.100000 0
0.000000 732.800000 591.880000 0
0.000000 572.020000 586.380000 0
0.000000 860.680000 611.390000 0
0.000000 760.510000 655.970000 0
0.000000 377.600000 652.000000 0
0.000000 263.980000 607.720000 0
0.000000 386.820000 563.870000 0
0.000000 711.610000 557.290000 0
0.000000 524.000000 562.160000 0
0.000000 505.200000 569.520000 0
0.000000 611.220000 556.730000 0
0.000000 673.540000 568.150000 0
0.000000 459.280000 527.460000 0
0.000000 466.790000 497.990000 0
0.000000 732.390000 533.470000 0
0.000000 705.580000 577.630000 0
0.000000 725.240000 611.510000 0
0.000000 726.380000 612.950000 0
0.000000 678.410000 628.410000 0
0.000000 676.410000 645.530000 0
0.000000 198.800000 604.200000 0
0.000000 342.270000 570.940000 0
0.000000 696.270000 595.070000 0
0.000000 492.000000 597.350000 0
0.000000 268.000000 550.920000 0
0.000000 304.800000 510.840000 0
0.000000 389.600000 477.280000 0
0.000000 271.200000 431.760000 0
0.000000 247.200000 388.640000 0
0.000000 280.800000 349.080000 0
0.000000 228.000000 352.000000 0
0.000000 629.590000 380.710000 0
0.000000 566.410000 367.760000 0
0.000000 674.400000 386.000000 0
0.000000 727.190000 431.910000 0
0.000000 541.970000 455.320000 0
0.000000 468.340000 463.850000 0
0.000000 428.040000 479.250000 0
0.000000 785.610000 533.040000 0
0.000000 536.000000 558.560000 0
0.000000 658.390000 601.600000 0
0.000000 507.200000 589.360000 0
0.000000 694.310000 602.080000 0
0.000000 893.610000 624.090000 0
0.000000 968.780000 648.230000 0
0.000000 653.700000 659.460000 0
0.000000 599.200000 672.480000 0
0.000000 449.710000 672.570000 0
0.000000 711.960000 669.420000 0
0.000000 739.980000 687.580000 0
0.000000 527.210000 674.490000 0
0.000000 754.810000 698.920000 0
0.000000 760.390000 706.200000 0
0.000000 689.600000 685.440000 0
0.000000 579.210000 646.490000 0
0.000000 428.800000 624.000000 0
0.000000 764.810000 640.570000 0
0.000000 769.600000 672.400000 0
0.000000 620.770000 663.490000 0
0.000000 614.420000 650.990000 0
0.000000 867.160000 684.930000 0
0.000000 390.410000 648.500000 0
0.000000 769.620000 649.460000 0
0.000000 787.210000 659.210000 0
0.000000 526.390000 653.910000 0
0.000000 430.400000 654.070000 0
0.000000 508.750000 628.420000 0
0.000000 928.110000 644.390000 0
0.000000 879.990000 670.230000 0
0.000000 974.050000 705.990000 0
0.000000 640.230000 683.770000 0
0.000000 407.940000 685.190000 0
0.000000 739.300000 682.340000 0
0.000000 668.780000 670.380000 0
0.000000 540.800000 671.840000 0
0.000000 775.960000 706.370000 0
0.000000 777.650000 733.320000 0
0.000000 731.210000 713.610000 0
0.000000 996.760000 725.250000 0
0.000000 644.820000 692.350000 0
0.000000 652.800000 693.600000 0
0.000000 403.990000 693.190000 0
0.000000 291.910000 648.280000 0
0.000000 560.170000 637.790000 0
0.000000 603.990000 643.900000 0
0.000000 280.020000 594.350000 0
0.000000 264.000000 542.960000 0
0.000000 300.000000 499.840000 0
0.000000 724.000000 472.560000 0
0.000000 583.980000 466.470000 0
0.000000 308.010000 432.010000 0
0.000000 620.010000 453.610000 0
0.000000 672.000000 491.600000 0
0.000000 572.000000 492.800000 0
0.000000 599.920000 492.330000 0
0.000000 720.110000 536.480000 0
0.000000 427.790000 552.530000 0
0.000000 436.210000 566.670000 0
0.000000 323.930000 526.290000 0
0.000000 552.120000 523.320000 0
0.000000 687.990000 561.190000 0
0.000000 663.720000 565.360000 0
0.000000 496.210000 548.230000 0
0.000000 435.990000 534.390000 0
0.000000 800.000000 554.400000 0
0.000000 276.000000 510.010000 0
0.000000 675.990000 534.790000 0
0.000000 608.020000 552.020000 0
0.000000 699.940000 589.550000 0
0.000000 556.030000 590.040000 0
0.000000 540.000000 575.200000 0
0.000000 351.990000 543.990000 0
0.000000 440.010000 538.410000 0
0.000000 248.000000 519.600000 0
0.000000 432.000000 482.800000 0
0.000000 624.000000 517.600000 0
0.000000 240.000000 474.000000 0
0.000000 232.000000 436.400000 0
0.000000 232.000000 389.600000 0
0.000000 584.010000 392.410000 0
0.000000 232.000000 361.600000 0
0.000000 336.000000 360.000000 0
0.000000 488.000000 364.800000 0
0.000000 136.000000 353.590000 0
0.000000 552.010000 365.610000 0
0.000000 464.000000 349.600000 0
0.000000 352.000000 360.800000 0
0.000000 576.000000 395.200000 0
0.000000 264.000000 398.400000 0
0.000000 232.000000 363.200000 0
0.000000 368.000000 376.800000 0
0.000000 384.000000 381.600000 0
0.000000 408.000000 373.600000 0
0.000000 328.000000 392.790000 0
0.000000 248.000000 362.400000 0
0.000000 272.000000 343.200000 0
0.000000 335.980000 341.580000 0
0.000000 560.030000 340.020000 0
0.000000 760.010000 389.610000 0
0.000000 839.980000 450.390000 0
0.000000 824.010000 496.010000 0
0.000000 272.000000 484.790000 0
