0.000000 5.320000 0.530000 0
0.000000 6.370000 1.170000 0
0.000000 6.460000 1.820000 0
0.000000 6.650000 2.480000 0
0.000000 6.410000 3.120000 0
0.000000 6.280000 3.750000 0
0.000000 6.240000 4.370000 0
0.000000 6.290000 5.000000 0
0.000000 6.220000 5.620000 0
0.000000 6.300000 6.250000 0
0.000000 6.320000 6.350000 0
0.000000 6.380000 6.350000 0
0.000000 6.110000 6.320000 0
0.000000 6.190000 6.270000 0
0.000000 6.160000 6.250000 0
0.000000 6.190000 6.240000 0
0.000000 6.180000 6.230000 0
0.000000 6.260000 6.230000 0
0.000000 6.160000 6.230000 0
0.000000 6.260000 6.220000 0
0.000000 6.450000 6.240000 0
0.000000 6.530000 6.250000 0
0.000000 6.480000 6.290000 0
0.000000 6.380000 6.310000 0
0.000000 6.150000 6.310000 0
0.000000 6.380000 6.330000 0
0.000000 6.570000 6.360000 0
0.000000 6.530000 6.390000 0
0.000000 6.190000 6.390000 0
0.000000 6.140000 6.380000 0
0.000000 6.150000 6.350000 0
0.000000 11.840000 6.880000 0
0.000000 11.690000 7.400000 0
0.000000 11.820000 7.950000 0
0.000000 11.200000 8.450000 0
0.000000 11.860000 9.000000 0
0.000000 11.460000 9.490000 0
0.000000 11.380000 9.970000 0
0.000000 11.570000 10.510000 0
0.000000 11.540000 11.050000 12648
0.000000 11.330000 11.570000 12648
0.000000 11.720000 11.560000 12648
0.000000 11.900000 11.580000 12648
0.000000 11.870000 11.580000 12648
0.000000 11.740000 11.640000 12648
0.000000 11.600000 11.610000 12648
0.000000 11.840000 11.650000 12648
0.000000 12.030000 11.710000 12648
0.000000 12.080000 11.760000 12648
0.000000 11.910000 11.800000 36624
0.000000 11.510000 11.820000 36624
0.000000 11.680000 11.820000 36624
0.000000 12.130000 11.840000 36624
0.000000 12.040000 11.860000 36624
0.000000 11.930000 11.870000 36624
0.000000 11.110000 11.830000 60768
0.000000 11.700000 11.810000 60768
0.000000 11.780000 11.790000 60768
0.000000 11.930000 11.770000 60768
0.000000 11.380000 11.720000 60768
0.000000 11.840000 11.750000 0
0.000000 24.470000 13.030000 0
0.000000 23.310000 14.150000 0
0.000000 25.590000 15.500000 0
0.000000 26.190000 16.930000 0
0.000000 25.640000 18.380000 0
0.000000 25.410000 19.750000 0
0.000000 24.640000 21.040000 0
0.000000 24.840000 22.330000 0
0.000000 24.420000 23.640000 0
0.000000 25.300000 24.980000 0
0.000000 25.030000 25.040000 0
0.000000 24.820000 25.190000 0
0.000000 24.520000 25.080000 0
0.000000 24.650000 24.930000 0
0.000000 25.110000 24.870000 0
0.000000 24.470000 24.780000 0
0.000000 25.110000 24.830000 0
0.000000 24.050000 24.750000 0
0.000000 24.040000 24.710000 0
0.000000 24.320000 24.610000 0
0.000000 24.700000 24.580000 0
0.000000 25.830000 24.680000 0
0.000000 24.630000 24.690000 0
0.000000 24.700000 24.700000 0
0.000000 23.720000 24.560000 0
0.000000 25.020000 24.610000 0
0.000000 23.930000 24.490000 0
0.000000 25.200000 24.610000 0
0.000000 24.510000 24.660000 0
0.000000 18.220000 24.050000 0
0.000000 33.050000 24.880000 0
0.000000 39.450000 26.240000 0
0.000000 43.030000 28.080000 0
0.000000 43.910000 30.000000 0
0.000000 40.650000 31.700000 0
0.000000 40.660000 33.260000 0
0.000000 40.910000 34.960000 0
0.000000 42.240000 36.660000 0
0.000000 41.350000 38.350000 0
0.000000 42.900000 40.820000 0
0.000000 43.000000 41.810000 0
0.000000 44.120000 42.280000 0
0.000000 41.120000 42.090000 0
0.000000 37.180000 41.410000 0
0.000000 40.140000 41.360000 0
0.000000 39.660000 41.260000 0
0.000000 39.510000 41.120000 0
0.000000 39.640000 40.860000 0
0.000000 38.560000 40.580000 0
0.000000 40.990000 40.390000 0
0.000000 40.460000 40.140000 0
0.000000 38.300000 39.560000 0
0.000000 37.340000 39.180000 0
0.000000 41.080000 39.570000 0
0.000000 39.880000 39.540000 0
0.000000 38.510000 39.430000 0
0.000000 40.410000 39.520000 10816
0.000000 38.610000 39.410000 10816
0.000000 38.470000 39.400000 10816
0.000000 41.130000 39.420000 10816
0.000000 36.920000 39.070000 0
0.000000 69.790000 42.210000 0
0.000000 72.510000 45.730000 0
0.000000 75.790000 49.200000 0
0.000000 78.250000 53.040000 0
0.000000 67.470000 55.930000 0
0.000000 72.780000 59.170000 9588
0.000000 69.600000 62.270000 9588
0.000000 75.330000 65.960000 58140
0.000000 66.570000 68.500000 59772
0.000000 78.160000 72.630000 59772
0.000000 62.460000 71.890000 59772
0.000000 69.030000 71.540000 59772
0.000000 73.540000 71.320000 84252
0.000000 69.990000 70.490000 84252
0.000000 73.740000 71.120000 84252
0.000000 74.850000 71.330000 84252
0.000000 73.450000 71.710000 84252
0.000000 73.010000 71.480000 84252
0.000000 75.730000 72.400000 84252
0.000000 73.830000 71.960000 84252
0.000000 75.750000 73.290000 120360
0.000000 67.950000 73.180000 120360
0.000000 67.370000 72.570000 120360
0.000000 75.550000 73.120000 120360
0.000000 70.680000 72.820000 177072
0.000000 71.070000 72.440000 177072
0.000000 72.250000 72.320000 177072
0.000000 78.620000 72.880000 179724
0.000000 79.470000 73.250000 179724
0.000000 42.980000 70.170000 0
0.000000 164.020000 78.990000 0
0.000000 185.200000 90.720000 0
0.000000 176.890000 101.670000 0
0.000000 167.100000 110.820000 0
0.000000 167.920000 120.560000 0
0.000000 130.230000 126.460000 0
0.000000 135.250000 132.770000 0
0.000000 129.160000 137.820000 0
0.000000 154.820000 145.350000 0
0.000000 149.930000 156.060000 0
0.000000 143.200000 153.970000 0
0.000000 143.740000 149.820000 0
0.000000 190.010000 151.140000 0
0.000000 123.250000 146.750000 0
0.000000 170.330000 146.980000 0
0.000000 145.000000 148.480000 0
0.000000 163.500000 151.290000 0
0.000000 154.860000 153.870000 0
0.000000 190.090000 157.390000 0
0.000000 187.080000 161.100000 0
0.000000 195.980000 166.390000 0
0.000000 179.350000 169.950000 0
0.000000 170.270000 167.970000 0
0.000000 157.160000 171.360000 0
0.000000 161.890000 170.520000 0
0.000000 160.270000 172.050000 0
0.000000 162.070000 171.900000 0
0.000000 199.710000 176.380000 0
0.000000 226.750000 180.040000 0
0.000000 189.760000 180.350000 0
0.000000 245.270000 185.260000 0
0.000000 240.250000 191.340000 0
0.000000 213.900000 195.700000 0
0.000000 220.080000 202.000000 0
0.000000 212.730000 207.080000 0
0.000000 213.070000 212.350000 0
0.000000 211.980000 217.320000 0
0.000000 204.360000 217.850000 0
0.000000 214.390000 216.570000 0
0.000000 213.610000 218.970000 0
0.000000 234.030000 217.830000 0
0.000000 249.780000 218.800000 0
0.000000 331.770000 230.550000 0
0.000000 307.050000 239.310000 0
0.000000 239.680000 241.980000 0
0.000000 252.730000 245.930000 0
0.000000 180.340000 242.770000 0
0.000000 263.880000 248.730000 0
0.000000 217.740000 249.060000 0
0.000000 166.510000 244.350000 0
0.000000 237.130000 244.670000 0
0.000000 288.400000 248.520000 0
0.000000 249.300000 240.280000 0
0.000000 281.500000 237.720000 0
0.000000 186.680000 232.400000 0
0.000000 231.090000 230.280000 0
0.000000 233.970000 235.610000 0
0.000000 271.430000 236.380000 0
0.000000 228.830000 237.490000 0
0.000000 207.220000 241.550000 0
0.000000 160.600000 233.900000 0
0.000000 243.970000 229.460000 0
0.000000 213.630000 225.890000 0
0.000000 189.540000 216.690000 0
0.000000 174.100000 215.430000 0
0.000000 316.900000 224.020000 0
0.000000 269.250000 227.550000 0
0.000000 225.670000 222.960000 0
0.000000 240.520000 224.150000 0
0.000000 257.730000 229.190000 0
0.000000 238.320000 236.960000 0
0.000000 231.030000 235.670000 0
0.000000 236.170000 237.920000 0
0.000000 208.060000 239.770000 0
0.000000 237.180000 246.080000 0
0.000000 240.980000 238.500000 0
0.000000 285.230000 240.090000 0
0.000000 328.610000 250.380000 0
0.000000 271.260000 253.410000 0
0.000000 209.820000 248.720000 0
0.000000 237.300000 248.560000 0
0.000000 416.430000 267.120000 0
0.000000 422.650000 285.750000 0
0.000000 216.780000 286.630000 0
0.000000 245.210000 287.380000 0
0.000000 378.010000 301.190000 0
0.000000 205.370000 293.140000 0
0.000000 151.470000 275.430000 0
0.000000 321.960000 280.490000 0
0.000000 467.410000 306.260000 0
0.000000 285.370000 311.060000 0
0.000000 366.490000 306.080000 0
0.000000 276.720000 291.470000 0
0.000000 288.720000 298.670000 0
0.000000 318.540000 305.980000 0
0.000000 242.490000 291.020000 0
0.000000 437.140000 317.260000 0
0.000000 573.440000 357.720000 0
0.000000 576.320000 383.110000 0
0.000000 443.470000 380.820000 0
0.000000 580.480000 410.280000 0
0.000000 261.510000 399.760000 0
0.000000 252.250000 397.350000 0
0.000000 224.670000 390.920000 0
0.000000 287.570000 387.390000 0
0.000000 247.430000 388.680000 0
0.000000 253.040000 370.020000 0
0.000000 252.560000 337.930000 0
0.000000 252.130000 305.520000 0
0.000000 314.120000 292.580000 0
0.000000 276.320000 262.170000 0
0.000000 567.960000 292.810000 0
0.000000 507.190000 318.300000 0
0.000000 580.530000 353.890000 0
0.000000 581.840000 383.280000 0
0.000000 278.030000 386.360000 0
0.000000 254.680000 386.370000 0
0.000000 233.190000 384.790000 0
0.000000 259.520000 385.330000 0
0.000000 241.800000 377.990000 0
0.000000 252.880000 375.820000 0
0.000000 277.660000 346.720000 0
0.000000 393.300000 335.420000 0
0.000000 629.570000 340.230000 0
0.000000 451.990000 327.260000 0
0.000000 418.180000 341.300000 0
0.000000 567.370000 372.540000 0
0.000000 635.280000 412.750000 0
0.000000 640.310000 450.830000 0
0.000000 374.720000 464.120000 0
0.000000 377.670000 476.590000 0
0.000000 388.600000 487.650000 0
0.000000 595.410000 507.960000 0
0.000000 373.350000 482.270000 0
0.000000 416.810000 478.780000 0
0.000000 295.520000 466.500000 0
0.000000 546.820000 464.460000 0
0.000000 256.800000 426.590000 0
0.000000 264.880000 389.060000 0
0.000000 573.100000 408.880000 0
0.000000 620.470000 433.170000 0
0.000000 613.220000 455.650000 0
0.000000 634.070000 459.500000 0
0.000000 635.440000 485.710000 0
0.000000 546.010000 498.640000 0
0.000000 623.600000 531.440000 0
0.000000 639.110000 540.660000 0
0.000000 639.690000 578.970000 0
0.000000 633.840000 615.850000 0
0.000000 639.530000 622.500000 0
0.000000 645.000000 624.920000 0
0.000000 344.250000 598.070000 0
0.000000 362.090000 570.870000 0
0.000000 761.430000 583.450000 0
0.000000 734.280000 602.200000 0
0.000000 518.580000 591.810000 0
0.000000 614.310000 589.370000 0
0.000000 645.460000 589.900000 0
0.000000 521.730000 578.640000 0
0.000000 643.560000 579.100000 0
0.000000 667.970000 581.350000 0
0.000000 672.160000 614.160000 0
0.000000 674.560000 645.410000 0
0.000000 673.950000 636.680000 0
0.000000 604.960000 623.710000 0
0.000000 668.450000 638.680000 0
0.000000 666.740000 643.970000 0
0.000000 437.280000 623.130000 0
0.000000 335.830000 604.530000 0
0.000000 662.540000 606.430000 0
0.000000 685.330000 608.220000 0
0.000000 687.350000 609.680000 0
0.000000 681.590000 610.390000 0
0.000000 521.740000 595.160000 0
0.000000 402.910000 574.810000 0
0.000000 303.950000 538.720000 0
0.000000 351.020000 506.930000 0
0.000000 381.140000 501.370000 0
0.000000 281.760000 495.940000 0
0.000000 354.730000 464.780000 0
0.000000 504.430000 447.430000 0
0.000000 278.400000 406.160000 0
0.000000 687.210000 406.720000 0
0.000000 434.010000 397.950000 0
0.000000 449.600000 402.600000 0
0.000000 692.400000 441.450000 0
0.000000 516.000000 457.950000 0
0.000000 688.740000 488.670000 0
0.000000 714.470000 532.030000 0
0.000000 651.570000 561.620000 0
0.000000 372.410000 548.490000 0
0.000000 531.960000 573.800000 0
0.000000 479.240000 553.090000 0
0.000000 618.400000 571.480000 0
0.000000 621.600000 588.680000 0
0.000000 429.980000 562.410000 0
0.000000 637.230000 574.590000 0
0.000000 412.390000 546.910000 0
0.000000 485.200000 524.000000 0
0.000000 538.650000 512.240000 0
0.000000 363.570000 512.370000 0
0.000000 354.800000 494.120000 0
0.000000 355.140000 481.650000 0
0.000000 368.460000 456.800000 0
0.000000 318.330000 426.310000 0
0.000000 380.470000 421.520000 0
0.000000 545.210000 412.250000 0
0.000000 749.190000 445.910000 0
0.000000 458.000000 443.200000 0
0.000000 375.540000 426.780000 0
0.000000 494.830000 440.020000 0
0.000000 541.650000 458.720000 0
0.000000 217.600000 444.920000 0
0.000000 468.800000 454.960000 0
0.000000 257.590000 448.860000 0
0.000000 428.020000 453.660000 0
0.000000 274.400000 426.560000 0
0.000000 316.000000 383.240000 0
0.000000 371.990000 374.630000 0
0.000000 615.220000 398.610000 0
0.000000 671.200000 416.240000 0
0.000000 566.400000 418.720000 0
0.000000 415.190000 438.470000 0
0.000000 476.240000 438.760000 0
0.000000 869.770000 500.960000 0
0.000000 620.030000 519.630000 0
0.000000 312.800000 523.430000 0
0.000000 471.980000 539.010000 0
0.000000 548.040000 556.680000 0
0.000000 664.020000 561.540000 0
0.000000 672.780000 561.660000 0
0.000000 504.020000 555.460000 0
0.000000 221.580000 536.040000 0
0.000000 550.400000 543.440000 0
0.000000 888.070000 544.990000 0
0.000000 650.020000 548.760000 0
0.000000 607.340000 577.980000 0
0.000000 767.060000 607.250000 0
0.000000 828.160000 635.480000 0
0.000000 628.600000 631.640000 0
0.000000 654.600000 630.190000 0
0.000000 662.400000 645.840000 0
0.000000 459.990000 669.670000 0
0.000000 411.200000 655.760000 0
0.000000 380.810000 604.970000 0
0.000000 262.340000 566.120000 0
0.000000 449.680000 550.580000 0
0.000000 513.620000 525.140000 0
0.000000 404.790000 482.790000 0
0.000000 620.810000 482.010000 0
0.000000 457.580000 462.300000 0
0.000000 532.810000 449.370000 0
0.000000 500.550000 453.210000 0
0.000000 694.770000 482.020000 0
0.000000 392.000000 482.870000 0
0.000000 625.600000 519.200000 0
0.000000 651.210000 539.370000 0
0.000000 523.190000 540.310000 0
0.000000 444.800000 544.320000 0
0.000000 425.600000 524.800000 0
0.000000 456.000000 524.640000 0
0.000000 732.290000 539.170000 0
0.000000 393.320000 540.450000 0
0.000000 524.870000 517.350000 0
0.000000 367.740000 514.520000 0
0.000000 461.130000 498.750000 0
0.000000 646.370000 497.900000 0
0.000000 617.590000 507.360000 0
0.000000 713.630000 534.260000 0
0.000000 540.800000 545.760000 0
0.000000 399.920000 540.060000 0
0.000000 727.460000 538.480000 0
0.000000 221.000000 522.560000 0
0.000000 488.010000 518.420000 0
0.000000 515.990000 533.190000 0
0.000000 340.000000 521.110000 0
0.000000 367.930000 493.180000 0
0.000000 779.930000 509.470000 0
0.000000 384.080000 476.670000 0
0.000000 528.040000 475.320000 0
0.000000 524.010000 487.690000 0
0.000000 539.990000 468.870000 0
0.000000 535.990000 500.390000 0
0.000000 471.990000 498.790000 0
0.000000 788.030000 526.020000 0
0.000000 519.970000 543.970000 0
0.000000 288.000000 536.000000 0
0.000000 256.010000 483.630000 0
0.000000 380.000000 483.200000 0
0.000000 600.000000 490.400000 0
0.000000 416.000000 479.600000 0
0.000000 376.000000 463.200000 0
0.000000 204.000000 430.000000 0
0.000000 312.000000 414.000000 0
0.000000 660.000000 401.200000 0
0.000000 407.990000 389.990000 0
0.000000 371.980000 398.380000 0
0.000000 548.050000 427.640000 0
0.000000 567.010000 445.620000 0
0.000000 404.700000 427.540000 0
0.000000 316.010000 416.810000 0
0.000000 507.980000 429.980000 0
0.000000 200.000000 429.610000 0
0.000000 412.000000 439.600000 0
0.000000 392.010000 412.810000 0
0.000000 328.000000 404.800000 0
0.000000 487.960000 416.370000 0
0.000000 408.000000 402.400000 0
0.000000 352.020000 380.820000 0
0.000000 312.000000 371.600000 0
0.000000 200.000000 360.000000 0
0.000000 639.990000 373.190000 0
0.000000 663.990000 419.590000 0
0.000000 592.020000 437.620000 0
0.000000 360.000000 434.400000 0
0.000000 384.000000 440.000000 0
0.000000 456.000000 436.800000 0
0.000000 376.000000 433.600000 0
0.000000 584.010000 456.810000 0
0.000000 584.000000 484.000000 0
0.000000 368.000000 500.800000 0
0.000000 391.660000 475.580000 0
0.000000 472.390000 457.170000 0
0.000000 528.020000 450.420000 0
0.000000 432.010000 457.610000 0
0.000000 343.980000 453.580000 0
0.000000 536.020000 461.620000 0
0.000000 423.980000 466.380000 0
0.000000 536.000000 461.600000 0
0.000000 400.020000 443.220000 0
0.000000 463.990000 452.790000 0
0.000000 415.890000 455.080000 0
0.000000 696.200000 477.740000 0
0.000000 176.000000 442.390000 0
