0.000000 12.010000 1.200000 0
0.000000 10.070000 2.210000 0
0.000000 13.780000 3.590000 0
0.000000 15.100000 5.100000 0
0.000000 7.570000 5.850000 0
0.000000 10.300000 6.880000 0
0.000000 9.810000 7.860000 0
0.000000 12.850000 9.150000 0
0.000000 10.220000 10.170000 0
0.000000 10.840000 11.260000 0
0.000000 11.850000 11.240000 0
0.000000 11.250000 11.360000 0
0.000000 16.840000 11.660000 0
0.000000 11.620000 11.320000 0
0.000000 11.590000 11.720000 0
0.000000 11.370000 11.820000 0
0.000000 10.030000 11.850000 0
0.000000 11.420000 11.700000 7792
0.000000 12.040000 11.880000 7792
0.000000 9.990000 11.800000 7792
0.000000 6.390000 11.250000 7792
0.000000 12.780000 11.410000 7792
0.000000 12.760000 11.000000 7792
0.000000 12.570000 11.090000 7792
0.000000 11.390000 11.070000 7792
0.000000 10.870000 11.020000 7792
0.000000 7.220000 10.740000 7792
0.000000 14.960000 11.100000 7792
0.000000 11.270000 11.020000 7792
0.000000 12.590000 11.280000 7792
0.000000 10.050000 11.650000 0
0.000000 19.320000 12.300000 0
0.000000 17.370000 12.760000 0
0.000000 18.050000 13.310000 0
0.000000 20.860000 14.260000 0
0.000000 17.110000 14.880000 0
0.000000 15.300000 15.690000 0
0.000000 23.170000 16.510000 0
0.000000 19.540000 17.340000 0
0.000000 16.170000 17.690000 0
0.000000 20.870000 18.780000 0
0.000000 20.530000 18.900000 0
0.000000 21.660000 19.330000 0
0.000000 16.520000 19.170000 0
0.000000 19.900000 19.080000 8736
0.000000 16.560000 19.020000 8736
0.000000 17.410000 19.230000 8736
0.000000 22.300000 19.150000 8736
0.000000 19.420000 19.130000 8736
0.000000 18.940000 19.410000 8736
0.000000 16.760000 19.000000 8736
0.000000 18.410000 18.790000 8736
0.000000 15.140000 18.140000 11760
0.000000 18.900000 18.370000 11760
0.000000 19.640000 18.350000 11760
0.000000 17.260000 18.420000 11760
0.000000 18.870000 18.560000 11760
0.000000 17.020000 18.040000 11760
0.000000 18.510000 17.940000 11760
0.000000 20.510000 18.100000 11760
0.000000 16.100000 18.040000 0
0.000000 47.380000 20.930000 0
0.000000 43.790000 23.800000 0
0.000000 48.290000 26.740000 0
0.000000 49.150000 29.690000 3360
0.000000 46.660000 32.630000 3360
0.000000 38.000000 34.540000 3360
0.000000 40.930000 36.930000 3360
0.000000 40.970000 39.180000 3360
0.000000 45.630000 41.690000 3360
0.000000 41.010000 44.180000 10024
0.000000 44.190000 43.860000 10024
0.000000 43.760000 43.860000 10024
0.000000 48.370000 43.860000 10024
0.000000 46.930000 43.640000 10024
0.000000 47.050000 43.680000 10024
0.000000 40.350000 43.920000 10024
0.000000 28.300000 42.660000 10024
0.000000 29.660000 41.520000 10024
0.000000 18.490000 38.810000 10024
0.000000 47.690000 39.480000 10024
0.000000 40.840000 39.140000 10024
0.000000 41.570000 38.930000 16128
0.000000 39.460000 38.040000 16128
0.000000 39.880000 37.330000 18200
0.000000 29.010000 35.530000 18200
0.000000 47.630000 36.250000 18200
0.000000 41.790000 37.600000 18200
0.000000 25.790000 37.220000 18200
0.000000 39.190000 39.280000 18200
0.000000 42.460000 38.760000 0
0.000000 46.930000 39.370000 0
0.000000 104.670000 45.680000 0
0.000000 95.580000 51.290000 18616
0.000000 74.780000 54.780000 18616
0.000000 75.630000 59.450000 18616
0.000000 80.870000 62.770000 18616
0.000000 79.090000 66.500000 18616
0.000000 70.890000 71.010000 43992
0.000000 77.820000 74.870000 43992
0.000000 72.900000 77.920000 43992
0.000000 79.060000 81.130000 72072
0.000000 75.930000 78.250000 72072
0.000000 75.340000 76.230000 76128
0.000000 82.220000 76.970000 97344
0.000000 83.460000 77.750000 97344
0.000000 83.870000 78.060000 97344
0.000000 83.770000 78.520000 97344
0.000000 83.830000 79.830000 97344
0.000000 84.340000 80.470000 97344
0.000000 83.630000 81.530000 97344
0.000000 83.650000 82.010000 97344
0.000000 98.720000 84.280000 97344
0.000000 81.130000 84.860000 97344
0.000000 74.530000 84.090000 97344
0.000000 75.660000 83.310000 97344
0.000000 85.010000 83.430000 138112
0.000000 64.970000 81.540000 138112
0.000000 80.280000 81.190000 138112
0.000000 90.260000 81.770000 138112
0.000000 71.150000 80.550000 138112
0.000000 81.230000 80.300000 0
0.000000 177.270000 88.150000 0
0.000000 137.620000 93.800000 0
0.000000 159.110000 102.260000 0
0.000000 109.780000 105.670000 0
0.000000 156.630000 112.830000 0
0.000000 157.160000 122.040000 0
0.000000 145.040000 128.520000 0
0.000000 127.280000 132.230000 0
0.000000 144.590000 139.570000 0
0.000000 120.040000 143.440000 0
0.000000 124.790000 138.170000 16932
0.000000 140.580000 138.540000 158712
0.000000 152.790000 137.870000 158712
0.000000 128.150000 139.700000 158712
0.000000 160.560000 140.070000 158712
0.000000 176.460000 142.050000 158712
0.000000 162.710000 143.800000 158712
0.000000 128.020000 143.870000 158712
0.000000 161.510000 145.560000 158712
0.000000 178.980000 151.450000 158712
0.000000 173.960000 156.370000 158712
0.000000 124.110000 154.720000 158712
0.000000 123.960000 151.840000 158712
0.000000 99.170000 148.950000 158712
0.000000 99.030000 142.790000 158712
0.000000 93.390000 134.480000 158712
0.000000 117.630000 129.980000 158712
0.000000 104.930000 127.670000 158712
0.000000 170.490000 128.570000 158712
0.000000 97.460000 120.420000 0
0.000000 174.170000 120.430000 0
0.000000 244.020000 132.420000 0
0.000000 164.920000 136.520000 0
0.000000 231.200000 149.720000 0
0.000000 163.860000 156.210000 0
0.000000 178.670000 164.730000 0
0.000000 174.150000 170.380000 0
0.000000 182.320000 178.140000 0
0.000000 320.480000 193.120000 0
0.000000 220.680000 205.440000 0
0.000000 212.050000 209.240000 0
0.000000 281.990000 213.030000 0
0.000000 171.980000 213.740000 0
0.000000 193.310000 209.940000 0
0.000000 358.560000 229.420000 0
0.000000 190.840000 230.640000 0
0.000000 277.790000 241.000000 0
0.000000 303.190000 253.080000 0
0.000000 167.520000 237.790000 0
0.000000 296.530000 245.380000 0
0.000000 153.440000 239.510000 0
0.000000 159.640000 227.230000 0
0.000000 247.750000 234.910000 0
0.000000 166.630000 232.180000 0
0.000000 156.030000 211.930000 0
0.000000 264.060000 219.250000 0
0.000000 189.270000 210.410000 0
0.000000 165.010000 196.590000 0
0.000000 194.510000 199.280000 0
0.000000 143.610000 183.990000 0
0.000000 278.910000 196.540000 0
0.000000 159.460000 196.520000 0
0.000000 207.480000 192.500000 0
0.000000 214.080000 197.240000 0
0.000000 414.360000 223.070000 0
0.000000 349.120000 231.580000 0
0.000000 432.640000 255.920000 0
0.000000 314.490000 270.870000 0
0.000000 249.960000 276.410000 0
0.000000 214.450000 283.490000 0
0.000000 209.470000 276.540000 0
0.000000 290.120000 289.630000 0
0.000000 383.390000 307.210000 112448
0.000000 192.100000 305.010000 112448
0.000000 163.510000 279.920000 112448
0.000000 300.680000 275.070000 112448
0.000000 300.600000 261.890000 112448
0.000000 185.800000 249.010000 112448
0.000000 305.870000 254.600000 112448
0.000000 337.510000 266.910000 112448
0.000000 337.240000 279.680000 112448
0.000000 320.000000 282.680000 112448
0.000000 352.560000 279.590000 112448
0.000000 264.660000 286.840000 112448
0.000000 439.380000 314.430000 112448
0.000000 252.000000 309.540000 112448
0.000000 259.260000 305.450000 112448
0.000000 207.340000 307.530000 112448
0.000000 392.280000 316.270000 112448
0.000000 323.150000 314.780000 112448
0.000000 186.340000 299.690000 0
0.000000 418.010000 309.490000 0
0.000000 416.460000 315.890000 0
0.000000 389.820000 328.380000 0
0.000000 287.880000 313.270000 0
0.000000 368.270000 324.870000 0
0.000000 289.040000 327.850000 0
0.000000 235.160000 330.640000 0
0.000000 641.500000 355.560000 0
0.000000 610.800000 384.320000 0
0.000000 209.360000 386.630000 0
0.000000 313.990000 376.220000 0
0.000000 351.640000 369.750000 0
0.000000 651.150000 395.870000 0
0.000000 664.010000 433.500000 0
0.000000 673.690000 463.980000 0
0.000000 647.080000 499.900000 0
0.000000 429.200000 519.250000 0
0.000000 475.520000 502.650000 0
0.000000 350.490000 476.590000 0
0.000000 237.930000 479.500000 0
0.000000 249.440000 473.020000 0
0.000000 239.400000 461.780000 0
0.000000 333.560000 430.040000 0
0.000000 416.100000 405.230000 0
0.000000 676.830000 405.560000 0
0.000000 524.700000 393.300000 0
0.000000 490.720000 399.470000 0
0.000000 318.040000 383.730000 0
0.000000 201.110000 368.770000 0
0.000000 434.000000 388.410000 0
0.000000 510.740000 414.510000 0
0.000000 279.330000 418.520000 0
0.000000 347.040000 419.860000 0
0.000000 472.290000 419.930000 0
0.000000 364.220000 400.330000 0
0.000000 568.600000 398.770000 0
0.000000 591.000000 408.800000 0
0.000000 420.840000 419.080000 0
0.000000 560.910000 455.020000 0
0.000000 486.360000 460.330000 0
0.000000 557.250000 464.950000 0
0.000000 520.820000 489.080000 0
0.000000 489.210000 503.320000 0
0.000000 546.930000 510.080000 0
0.000000 454.880000 519.680000 0
0.000000 463.350000 509.140000 0
0.000000 450.200000 495.070000 0
0.000000 542.580000 507.270000 0
0.000000 341.360000 485.290000 0
0.000000 275.240000 464.180000 0
0.000000 570.120000 465.470000 0
0.000000 573.320000 470.720000 0
0.000000 575.100000 479.290000 0
0.000000 575.530000 482.180000 0
0.000000 550.720000 491.750000 0
0.000000 242.960000 469.700000 0
0.000000 381.040000 462.800000 0
0.000000 594.490000 467.990000 0
0.000000 530.400000 486.890000 0
0.000000 317.830000 491.140000 0
0.000000 342.090000 468.360000 0
0.000000 570.240000 468.040000 0
0.000000 661.690000 476.700000 0
0.000000 660.800000 485.230000 0
0.000000 433.190000 473.460000 0
0.000000 643.760000 513.550000 0
0.000000 334.080000 508.860000 0
0.000000 260.240000 475.430000 0
0.000000 260.800000 448.470000 0
0.000000 387.440000 455.090000 0
0.000000 406.030000 462.060000 0
0.000000 440.710000 448.950000 0
0.000000 422.690000 424.880000 0
0.000000 422.190000 401.290000 0
0.000000 371.840000 394.980000 0
0.000000 506.230000 381.220000 0
0.000000 358.010000 383.550000 0
0.000000 414.710000 399.140000 0
0.000000 330.400000 406.020000 0
0.000000 428.320000 410.080000 0
0.000000 442.400000 413.740000 0
0.000000 522.700000 421.870000 0
0.000000 594.850000 439.190000 0
0.000000 379.790000 434.960000 0
0.000000 296.070000 427.010000 0
0.000000 568.670000 433.950000 0
0.000000 596.190000 457.340000 0
0.000000 396.830000 455.630000 0
0.000000 592.610000 481.800000 0
0.000000 280.010000 467.010000 0
0.000000 298.570000 452.620000 0
0.000000 640.000000 464.330000 0
0.000000 673.080000 472.130000 0
0.000000 695.390000 503.750000 0
0.000000 237.760000 497.860000 0
0.000000 398.400000 480.890000 0
0.000000 664.460000 487.700000 0
0.000000 627.370000 510.780000 0
0.000000 276.000000 479.110000 0
0.000000 683.050000 519.410000 0
0.000000 695.680000 559.120000 0
0.000000 663.980000 561.500000 0
0.000000 659.220000 560.140000 0
0.000000 584.770000 549.040000 0
0.000000 430.440000 568.000000 0
0.000000 443.290000 572.770000 0
0.000000 428.130000 549.570000 0
0.000000 475.890000 534.100000 0
0.000000 542.050000 560.620000 0
0.000000 499.740000 542.390000 0
0.000000 744.280000 547.150000 0
0.000000 751.720000 555.980000 0
0.000000 328.960000 522.930000 0
0.000000 352.480000 499.700000 0
0.000000 651.670000 521.780000 0
0.000000 668.640000 544.320000 0
0.000000 679.180000 569.440000 0
0.000000 536.820000 575.570000 0
0.000000 670.080000 588.350000 0
0.000000 690.080000 607.390000 0
0.000000 480.790000 581.030000 0
0.000000 611.620000 567.050000 0
0.000000 741.600000 608.300000 0
0.000000 713.200000 644.370000 0
0.000000 253.200000 604.510000 0
0.000000 231.830000 557.680000 0
0.000000 289.720000 524.970000 0
0.000000 270.400000 495.220000 0
0.000000 492.390000 477.440000 0
0.000000 727.600000 481.200000 0
0.000000 575.200000 490.640000 0
0.000000 642.400000 493.720000 0
0.000000 463.600000 465.920000 0
0.000000 741.200000 468.720000 0
0.000000 745.990000 517.990000 0
0.000000 373.190000 531.990000 0
0.000000 468.810000 550.090000 0
0.000000 294.400000 552.480000 0
0.000000 379.180000 541.140000 0
0.000000 720.440000 540.470000 0
0.000000 289.590000 511.850000 0
0.000000 236.810000 471.340000 0
0.000000 301.990000 455.150000 0
0.000000 489.210000 429.970000 0
0.000000 432.800000 398.640000 0
0.000000 440.010000 405.330000 0
0.000000 297.190000 388.150000 0
0.000000 558.420000 412.780000 0
0.000000 738.480000 452.660000 0
0.000000 844.400000 462.800000 0
0.000000 734.810000 507.330000 0
0.000000 315.590000 515.190000 0
0.000000 514.380000 536.420000 0
0.000000 293.620000 516.910000 0
0.000000 668.790000 540.470000 0
0.000000 746.410000 571.130000 0
0.000000 747.990000 616.190000 0
0.000000 694.410000 629.530000 0
0.000000 463.820000 602.200000 0
0.000000 537.000000 571.890000 0
0.000000 569.610000 555.170000 0
0.000000 841.600000 607.760000 0
0.000000 669.580000 623.260000 0
0.000000 540.000000 647.920000 0
0.000000 300.000000 611.050000 0
0.000000 565.600000 592.960000 0
0.000000 372.000000 555.360000 0
0.000000 222.400000 508.150000 0
0.000000 443.210000 506.090000 0
0.000000 802.370000 532.620000 0
0.000000 933.600000 569.040000 0
0.000000 931.950000 578.050000 0
0.000000 755.930000 586.670000 0
0.000000 392.070000 572.020000 0
0.000000 321.600000 574.090000 0
0.000000 613.600000 578.880000 0
0.000000 744.000000 616.080000 0
0.000000 770.390000 670.880000 0
0.000000 388.800000 665.440000 0
0.000000 495.190000 634.700000 0
0.000000 447.940000 586.090000 0
0.000000 505.670000 543.590000 0
0.000000 529.600000 520.880000 0
0.000000 603.200000 542.000000 0
0.000000 278.400000 537.680000 0
0.000000 443.200000 520.640000 0
0.000000 446.400000 490.880000 0
0.000000 940.540000 507.780000 0
0.000000 520.140000 521.180000 0
0.000000 542.400000 525.760000 0
0.000000 560.000000 536.960000 0
0.000000 675.210000 553.930000 0
0.000000 854.280000 586.310000 0
0.000000 625.660000 588.690000 0
0.000000 584.010000 619.210000 0
0.000000 801.620000 655.060000 0
0.000000 825.570000 692.940000 0
0.000000 904.020000 689.300000 0
0.000000 785.610000 715.850000 0
0.000000 332.800000 694.870000 0
0.000000 536.010000 692.490000 0
0.000000 755.080000 700.370000 0
0.000000 651.290000 680.260000 0
0.000000 435.200000 661.120000 0
0.000000 676.800000 670.400000 0
0.000000 902.400000 680.480000 0
0.000000 558.400000 653.760000 0
0.000000 561.590000 619.510000 0
0.000000 696.000000 610.560000 0
0.000000 608.000000 638.080000 0
0.000000 288.000000 613.280000 0
0.000000 272.000000 564.950000 0
0.000000 696.000000 569.440000 0
0.000000 880.010000 613.930000 0
0.000000 468.000000 593.040000 0
0.000000 624.010000 565.210000 0
0.000000 619.990000 571.350000 0
0.000000 252.000000 540.400000 0
0.000000 672.010000 538.010000 0
0.000000 568.000000 534.000000 0
0.000000 591.970000 564.370000 0
0.000000 308.010000 568.020000 0
0.000000 376.000000 536.000000 0
0.000000 536.000000 501.600000 0
0.000000 515.960000 506.360000 0
0.000000 259.800000 469.640000 0
0.000000 476.390000 455.970000 0
0.000000 360.020000 466.420000 0
0.000000 248.000000 424.000000 0
0.000000 564.010000 423.610000 0
0.000000 775.870000 441.930000 0
0.000000 776.110000 488.870000 0
0.000000 504.010000 501.610000 0
0.000000 775.900000 525.530000 0
0.000000 392.030000 513.240000 0
0.000000 280.010000 515.220000 0
0.000000 536.000000 521.200000 0
0.000000 807.960000 565.970000 0
0.000000 548.030000 596.030000 0
0.000000 776.000000 617.200000 0
0.000000 439.570000 583.020000 0
0.000000 436.430000 550.140000 0
0.000000 227.990000 521.980000 0
0.000000 728.020000 517.210000 0
0.000000 416.000000 519.590000 0
0.000000 608.000000 552.400000 0
0.000000 688.000000 567.600000 0
0.000000 832.010000 570.010000 0
0.000000 512.000000 566.400000 0
0.000000 640.000000 552.800000 0
0.000000 352.000000 544.000000 0
0.000000 439.990000 544.390000 0
0.000000 311.900000 552.630000 0
0.000000 368.120000 516.970000 0
0.000000 312.000000 506.400000 0
0.000000 296.000000 475.200000 0
0.000000 232.000000 429.600000 0
0.000000 416.000000 388.000000 0
0.000000 536.000000 390.400000 0
0.000000 264.000000 352.800000 0
0.000000 312.000000 348.800000 0
0.000000 288.000000 333.600000 0
0.000000 288.000000 331.200000 0
0.000000 280.000000 322.400000 0
0.000000 752.010000 366.400000 0
0.000000 504.000000 387.200000 0
0.000000 423.930000 406.340000 0
0.000000 280.050000 392.860000 0
0.000000 647.990000 403.990000 0
0.000000 623.790000 439.850000 0
0.000000 760.250000 484.960000 0
0.000000 456.010000 501.610000 0
0.000000 304.000000 503.190000 0
