0.000000 11.380000 1.140000 0
0.000000 17.590000 2.900000 0
0.000000 18.210000 4.720000 0
0.000000 18.190000 6.540000 0
0.000000 18.140000 8.350000 0
0.000000 18.170000 10.170000 0
0.000000 18.140000 11.980000 0
0.000000 18.110000 13.790000 0
0.000000 18.190000 15.610000 0
0.000000 18.180000 17.430000 0
0.000000 17.510000 18.040000 0
0.000000 18.370000 18.120000 0
0.000000 18.450000 18.150000 0
0.000000 18.420000 18.170000 0
0.000000 18.220000 18.170000 0
0.000000 18.390000 18.200000 0
0.000000 18.130000 18.200000 0
0.000000 18.040000 18.190000 0
0.000000 18.060000 18.180000 0
0.000000 18.020000 18.160000 0
0.000000 17.990000 18.210000 0
0.000000 17.850000 18.150000 0
0.000000 17.930000 18.100000 0
0.000000 17.930000 18.050000 0
0.000000 17.890000 18.020000 0
0.000000 17.890000 17.970000 0
0.000000 17.970000 17.960000 0
0.000000 17.860000 17.940000 0
0.000000 17.840000 17.910000 0
0.000000 17.830000 17.900000 0
0.000000 13.680000 17.470000 0
0.000000 30.460000 18.730000 0
0.000000 30.620000 20.000000 0
0.000000 30.530000 21.260000 0
0.000000 28.730000 22.340000 0
0.000000 29.650000 23.520000 0
0.000000 26.920000 24.410000 0
0.000000 29.250000 25.550000 0
0.000000 30.990000 26.870000 0
0.000000 30.080000 28.090000 0
0.000000 30.160000 29.740000 0
0.000000 30.060000 29.700000 0
0.000000 29.910000 29.630000 0
0.000000 30.320000 29.610000 0
0.000000 29.930000 29.730000 0
0.000000 30.080000 29.770000 0
0.000000 29.990000 30.080000 0
0.000000 29.920000 30.150000 0
0.000000 29.960000 30.040000 0
0.000000 29.890000 30.020000 0
0.000000 29.960000 30.000000 0
0.000000 29.990000 30.000000 0
0.000000 30.020000 30.010000 0
0.000000 30.070000 29.980000 0
0.000000 30.000000 29.990000 0
0.000000 30.100000 29.990000 0
0.000000 30.030000 30.000000 0
0.000000 30.070000 30.010000 0
0.000000 30.010000 30.020000 0
0.000000 29.960000 30.020000 0
0.000000 20.400000 29.070000 0
0.000000 69.170000 32.980000 0
0.000000 72.420000 37.220000 0
0.000000 71.440000 41.360000 0
0.000000 71.470000 45.510000 0
0.000000 71.410000 49.640000 0
0.000000 69.150000 53.550000 0
0.000000 64.530000 57.000000 0
0.000000 70.170000 61.010000 0
0.000000 71.020000 65.120000 0
0.000000 71.040000 70.180000 0
0.000000 71.040000 70.370000 0
0.000000 71.040000 70.230000 0
0.000000 70.860000 70.170000 0
0.000000 70.890000 70.110000 0
0.000000 70.660000 70.040000 0
0.000000 70.220000 70.150000 0
0.000000 70.440000 70.740000 0
0.000000 70.330000 70.750000 0
0.000000 70.310000 70.680000 0
0.000000 70.500000 70.630000 0
0.000000 70.250000 70.550000 0
0.000000 70.570000 70.500000 0
0.000000 70.350000 70.450000 0
0.000000 70.200000 70.380000 0
0.000000 70.270000 70.340000 0
0.000000 70.360000 70.360000 0
0.000000 70.150000 70.330000 0
0.000000 70.310000 70.330000 0
0.000000 70.270000 70.330000 0
0.000000 65.840000 69.860000 0
0.000000 75.790000 70.410000 0
0.000000 140.200000 77.370000 0
0.000000 134.280000 83.770000 0
0.000000 135.940000 90.340000 0
0.000000 140.220000 97.340000 0
0.000000 143.720000 104.670000 0
0.000000 143.190000 111.980000 0
0.000000 143.480000 119.290000 0
0.000000 143.450000 126.610000 0
0.000000 143.290000 134.360000 0
0.000000 142.700000 141.050000 0
0.000000 142.010000 141.230000 0
0.000000 142.740000 142.070000 0
0.000000 137.470000 142.230000 0
0.000000 142.040000 142.410000 0
0.000000 142.740000 142.310000 0
0.000000 143.580000 142.350000 0
0.000000 143.540000 142.360000 0
0.000000 140.140000 142.020000 0
0.000000 139.910000 141.690000 0
0.000000 138.040000 141.220000 0
0.000000 139.730000 140.980000 0
0.000000 139.410000 140.670000 0
0.000000 139.640000 140.880000 0
0.000000 139.260000 140.600000 0
0.000000 138.840000 140.210000 0
0.000000 139.030000 139.750000 0
0.000000 139.200000 139.320000 0
0.000000 130.360000 138.340000 0
0.000000 134.680000 137.810000 0
0.000000 86.220000 132.640000 0
0.000000 161.410000 134.800000 0
0.000000 175.050000 138.370000 0
0.000000 185.920000 142.990000 0
0.000000 149.220000 144.000000 0
0.000000 153.720000 145.480000 0
0.000000 162.350000 147.800000 0
0.000000 175.670000 151.480000 0
0.000000 174.480000 155.870000 0
0.000000 168.720000 159.280000 0
0.000000 166.770000 167.330000 0
0.000000 167.870000 167.970000 0
0.000000 166.190000 167.090000 0
0.000000 170.610000 165.560000 0
0.000000 169.990000 167.640000 0
0.000000 170.310000 169.290000 0
0.000000 171.870000 170.240000 0
0.000000 171.600000 169.850000 0
0.000000 170.200000 169.420000 0
0.000000 168.310000 169.370000 0
0.000000 169.180000 169.610000 0
0.000000 167.550000 169.580000 0
0.000000 167.610000 169.720000 0
0.000000 165.760000 169.230000 0
0.000000 168.650000 169.110000 0
0.000000 168.460000 168.920000 0
0.000000 168.230000 168.550000 0
0.000000 167.500000 168.140000 0
0.000000 167.640000 167.890000 0
0.000000 169.870000 168.040000 0
0.000000 129.120000 164.040000 0
0.000000 135.460000 160.830000 0
0.000000 353.740000 179.440000 0
0.000000 399.150000 202.790000 0
0.000000 396.460000 225.560000 0
0.000000 395.870000 248.310000 0
0.000000 396.660000 271.150000 0
0.000000 393.640000 293.760000 0
0.000000 396.740000 316.670000 0
0.000000 392.140000 338.900000 0
0.000000 393.950000 365.380000 0
0.000000 389.540000 390.790000 0
0.000000 394.820000 394.890000 0
0.000000 395.150000 394.500000 0
0.000000 395.440000 394.390000 0
0.000000 395.950000 394.400000 0
0.000000 395.570000 394.300000 0
0.000000 397.490000 394.680000 0
0.000000 379.480000 392.950000 0
0.000000 366.020000 390.340000 0
0.000000 370.960000 388.050000 0
0.000000 371.420000 386.220000 0
0.000000 371.460000 383.900000 0
0.000000 370.950000 381.440000 0
0.000000 370.830000 379.050000 0
0.000000 361.380000 375.530000 0
0.000000 363.240000 372.330000 0
0.000000 319.890000 364.580000 0
0.000000 303.380000 356.950000 0
0.000000 302.170000 350.570000 0
0.000000 302.940000 343.770000 0
0.000000 247.260000 331.340000 0
0.000000 505.720000 344.770000 0
0.000000 514.190000 359.090000 0
0.000000 373.210000 359.360000 0
0.000000 339.290000 357.140000 0
0.000000 315.500000 352.320000 0
0.000000 398.760000 360.280000 0
0.000000 480.720000 377.970000 0
0.000000 527.430000 400.490000 0
0.000000 522.010000 422.420000 0
0.000000 523.680000 450.050000 0
0.000000 527.790000 452.260000 0
0.000000 517.060000 452.510000 0
0.000000 522.190000 467.480000 0
0.000000 520.340000 485.540000 0
0.000000 392.410000 493.210000 0
0.000000 433.600000 496.740000 0
0.000000 532.770000 501.940000 0
0.000000 537.990000 502.980000 0
0.000000 512.040000 501.980000 0
0.000000 509.490000 500.570000 0
0.000000 514.460000 499.230000 0
0.000000 506.060000 498.120000 0
0.000000 514.600000 497.370000 0
0.000000 543.160000 499.670000 0
0.000000 542.830000 514.700000 0
0.000000 353.460000 506.670000 0
0.000000 363.880000 489.800000 0
0.000000 398.700000 475.870000 0
0.000000 519.220000 476.570000 0
0.000000 368.880000 462.480000 0
0.000000 251.780000 436.320000 0
0.000000 567.610000 442.410000 0
0.000000 714.020000 462.360000 0
0.000000 541.830000 462.200000 0
0.000000 545.460000 462.480000 0
0.000000 507.910000 477.960000 0
0.000000 494.720000 491.020000 0
0.000000 430.620000 494.210000 0
0.000000 633.380000 505.600000 0
0.000000 575.950000 526.330000 0
0.000000 642.780000 565.460000 0
0.000000 217.120000 530.380000 0
0.000000 456.400000 504.600000 0
0.000000 267.590000 477.210000 0
0.000000 515.420000 474.140000 0
0.000000 579.880000 481.420000 0
0.000000 582.000000 490.090000 0
0.000000 576.910000 504.750000 0
0.000000 577.190000 499.160000 0
0.000000 573.870000 498.910000 0
0.000000 535.710000 488.210000 0
0.000000 370.840000 503.590000 0
0.000000 500.040000 507.940000 0
0.000000 615.310000 542.720000 0
0.000000 665.790000 557.740000 0
0.000000 672.170000 566.990000 0
0.000000 674.370000 576.220000 0
0.000000 543.720000 572.890000 0
0.000000 410.860000 556.270000 0
0.000000 268.800000 525.750000 0
0.000000 522.100000 524.410000 0
0.000000 629.400000 550.250000 0
0.000000 444.280000 544.680000 0
0.000000 610.240000 544.170000 0
0.000000 298.750000 507.450000 0
0.000000 434.810000 483.740000 0
0.000000 753.490000 491.650000 0
0.000000 364.160000 473.690000 0
0.000000 389.670000 471.550000 0
0.000000 759.530000 520.650000 0
0.000000 643.840000 532.820000 0
0.000000 641.570000 534.040000 0
0.000000 638.520000 553.450000 0
0.000000 645.360000 556.970000 0
0.000000 684.220000 595.500000 0
0.000000 806.100000 632.660000 0
0.000000 690.560000 626.350000 0
0.000000 756.800000 665.620000 0
0.000000 462.840000 672.930000 0
0.000000 294.360000 626.420000 0
0.000000 311.800000 593.200000 0
0.000000 256.240000 554.680000 0
0.000000 439.690000 534.760000 0
0.000000 625.840000 532.880000 0
0.000000 634.090000 527.840000 0
0.000000 632.510000 510.460000 0
0.000000 659.240000 507.020000 0
0.000000 886.890000 520.690000 0
0.000000 576.660000 531.740000 0
0.000000 910.910000 593.350000 0
0.000000 216.850000 583.900000 0
0.000000 558.900000 614.170000 0
0.000000 261.680000 596.330000 0
0.000000 261.600000 559.920000 0
0.000000 393.760000 535.890000 0
0.000000 1009.390000 573.550000 0
0.000000 1032.610000 610.850000 0
0.000000 1025.870000 624.840000 0
0.000000 697.120000 636.880000 0
0.000000 1028.930000 648.700000 0
0.000000 456.960000 672.690000 0
0.000000 497.900000 666.560000 0
0.000000 675.520000 707.970000 0
0.000000 664.110000 748.250000 0
0.000000 665.840000 775.420000 0
0.000000 524.240000 726.900000 0
0.000000 544.370000 677.760000 0
0.000000 460.860000 621.880000 0
0.000000 693.060000 621.190000 0
0.000000 690.930000 587.360000 0
0.000000 545.930000 596.290000 0
0.000000 663.590000 612.840000 0
0.000000 669.140000 612.230000 0
0.000000 668.560000 612.650000 0
0.000000 625.590000 608.620000 0
0.000000 679.190000 624.120000 0
0.000000 679.940000 637.680000 0
0.000000 681.360000 659.730000 0
0.000000 678.770000 658.280000 0
0.000000 506.340000 639.870000 0
0.000000 285.840000 613.820000 0
0.000000 710.050000 618.450000 0
0.000000 668.630000 618.430000 0
0.000000 522.380000 603.790000 0
0.000000 1059.770000 647.200000 0
0.000000 994.400000 678.850000 0
0.000000 1036.270000 714.350000 0
0.000000 997.880000 746.010000 0
0.000000 582.610000 736.470000 0
0.000000 703.840000 756.170000 0
0.000000 627.830000 790.360000 0
0.000000 591.520000 778.520000 0
0.000000 725.280000 784.180000 0
0.000000 547.200000 786.660000 0
0.000000 673.590000 748.020000 0
0.000000 672.010000 715.810000 0
0.000000 572.720000 669.360000 0
0.000000 430.780000 612.830000 0
0.000000 625.440000 617.020000 0
0.000000 651.030000 611.740000 0
0.000000 648.320000 613.800000 0
0.000000 649.600000 619.600000 0
0.000000 652.800000 612.350000 0
0.000000 645.600000 622.190000 0
0.000000 797.100000 634.530000 0
0.000000 474.890000 614.850000 0
0.000000 766.180000 634.130000 0
0.000000 714.120000 662.550000 0
0.000000 283.530000 628.330000 0
0.000000 523.360000 615.560000 0
0.000000 352.000000 585.920000 0
0.000000 611.200000 582.080000 0
0.000000 701.610000 586.970000 0
0.000000 693.190000 591.710000 0
0.000000 728.410000 584.860000 0
0.000000 549.590000 592.310000 0
0.000000 272.000000 542.890000 0
0.000000 292.010000 500.700000 0
0.000000 745.590000 546.890000 0
0.000000 574.000000 551.960000 0
0.000000 386.400000 555.400000 0
0.000000 540.000000 548.280000 0
0.000000 358.800000 513.990000 0
0.000000 487.600000 493.440000 0
0.000000 709.210000 491.530000 0
0.000000 899.470000 526.450000 0
0.000000 1022.750000 601.570000 0
0.000000 458.860000 618.360000 0
0.000000 707.590000 614.480000 0
0.000000 1003.570000 657.420000 0
0.000000 818.860000 700.730000 0
0.000000 742.800000 720.960000 0
0.000000 713.210000 756.410000 0
0.000000 530.780000 760.680000 0
0.000000 1024.240000 792.120000 0
0.000000 429.250000 745.290000 0
0.000000 1024.480000 745.420000 0
0.000000 744.730000 773.880000 0
0.000000 977.260000 800.970000 0
0.000000 583.220000 758.910000 0
0.000000 765.580000 753.540000 0
0.000000 315.850000 710.530000 0
0.000000 368.990000 676.790000 0
0.000000 270.390000 650.390000 0
0.000000 324.000000 580.360000 0
0.000000 688.800000 606.320000 0
0.000000 402.400000 544.120000 0
0.000000 695.070000 539.060000 0
0.000000 251.240000 466.640000 0
0.000000 977.490000 505.940000 0
0.000000 1143.330000 543.820000 0
0.000000 695.940000 581.710000 0
0.000000 1033.570000 648.220000 0
0.000000 1026.360000 723.810000 0
0.000000 750.470000 766.550000 0
0.000000 685.650000 766.220000 0
0.000000 923.990000 818.310000 0
0.000000 1064.700000 855.200000 0
0.000000 537.650000 884.000000 0
0.000000 724.820000 858.660000 0
0.000000 531.200000 797.440000 0
0.000000 755.810000 803.240000 0
0.000000 797.010000 779.960000 0
0.000000 320.000000 709.110000 0
0.000000 366.400000 670.710000 0
0.000000 901.610000 692.330000 0
0.000000 1028.800000 702.800000 0
0.000000 615.200000 657.840000 0
0.000000 592.160000 662.640000 0
0.000000 214.640000 613.000000 0
0.000000 479.990000 607.190000 0
0.000000 209.600000 552.560000 0
0.000000 462.390000 519.110000 0
0.000000 518.410000 538.970000 0
0.000000 667.200000 569.040000 0
0.000000 288.000000 507.670000 0
0.000000 497.600000 454.560000 0
0.000000 1039.950000 493.420000 0
0.000000 865.410000 529.260000 0
0.000000 540.940000 557.270000 0
0.000000 569.600000 566.080000 0
0.000000 696.000000 614.720000 0
0.000000 454.400000 613.920000 0
0.000000 264.000000 588.490000 0
0.000000 264.000000 548.150000 0
0.000000 828.770000 602.220000 0
0.000000 454.410000 597.940000 0
0.000000 780.800000 571.040000 0
0.000000 905.600000 575.840000 0
0.000000 726.340000 594.350000 0
0.000000 763.180000 613.740000 0
0.000000 964.910000 640.720000 0
0.000000 772.790000 672.470000 0
0.000000 778.930000 723.750000 0
0.000000 785.890000 776.450000 0
0.000000 822.400000 775.520000 0
0.000000 897.600000 819.840000 0
0.000000 1027.110000 844.410000 0
0.000000 846.480000 838.640000 0
0.000000 703.950000 836.260000 0
0.000000 393.620000 799.390000 0
0.000000 500.810000 752.980000 0
0.000000 395.990000 715.260000 0
0.000000 1072.010000 744.570000 0
0.000000 860.000000 752.000000 0
0.000000 723.940000 742.100000 0
0.000000 943.960000 746.770000 0
0.000000 584.040000 702.520000 0
0.000000 624.020000 680.260000 0
0.000000 807.940000 690.590000 0
0.000000 416.040000 692.950000 0
0.000000 663.980000 709.170000 0
0.000000 887.910000 758.330000 0
0.000000 672.040000 718.450000 0
0.000000 780.070000 710.460000 0
0.000000 703.990000 708.390000 0
0.000000 1127.970000 726.780000 0
0.000000 587.960000 727.150000 0
0.000000 272.010000 692.020000 0
0.000000 512.030000 662.440000 0
0.000000 440.010000 664.810000 0
0.000000 243.990000 622.780000 0
0.000000 576.010000 591.610000 0
0.000000 863.890000 610.720000 0
0.000000 700.080000 602.860000 0
0.000000 468.010000 579.210000 0
0.000000 540.000000 520.400000 0
0.000000 560.000000 517.600000 0
0.000000 508.000000 541.200000 0
0.000000 607.980000 550.790000 0
0.000000 448.020000 551.620000 0
0.000000 572.000000 584.400000 0
0.000000 1039.990000 630.800000 0
0.000000 600.000000 604.400000 0
0.000000 328.000000 567.190000 0
0.000000 287.990000 549.190000 0
0.000000 624.020000 557.620000 0
0.000000 840.000000 585.600000 0
0.000000 487.990000 583.590000 0
0.000000 232.000000 546.000000 0
0.000000 536.000000 554.800000 0
0.000000 304.000000 528.000000 0
0.000000 264.000000 450.400000 0
0.000000 392.010000 429.610000 0
0.000000 360.010000 432.810000 0
0.000000 847.990000 488.790000 0
0.000000 480.000000 474.400000 0
0.000000 256.000000 416.010000 0
0.000000 407.980000 407.980000 0
0.000000 368.010000 421.610000 0
0.000000 408.000000 408.800000 0
0.000000 344.000000 412.800000 0
0.000000 376.000000 424.000000 0
0.000000 727.990000 457.600000 0
0.000000 768.020000 498.410000 0
0.000000 439.960000 457.550000 0
0.000000 432.000000 452.800000 0
0.000000 599.960000 487.170000 0
0.000000 704.030000 516.820000 0
0.000000 552.060000 535.260000 0
0.000000 791.950000 573.570000 0
0.000000 528.030000 592.030000 0
0.000000 56.000000 559.990000 0
